0 0.0 1022.0 307.0 Pedestrian
1 0.0 1028.0 303.0 Pedestrian
2 0.0 1036.0 299.0 Pedestrian
3 0.0 1044.0 294.0 Pedestrian
4 0.0 1050.0 290.0 Pedestrian
5 0.0 1058.0 286.0 Pedestrian
6 0.0 1066.5 282.0 Pedestrian
7 0.0 1074.5 278.0 Pedestrian
8 0.0 1080.5 274.0 Pedestrian
9 0.0 1088.5 270.0 Pedestrian
10 0.0 1096.5 265.0 Pedestrian
11 0.0 1102.5 261.0 Pedestrian
12 0.0 1108.5 257.0 Pedestrian
13 0.0 1113.0 253.0 Pedestrian
14 0.0 1119.0 249.0 Pedestrian
15 0.0 1123.0 240.0 Pedestrian
16 0.0 1127.0 236.0 Pedestrian
17 0.0 1133.0 232.0 Pedestrian
18 0.0 1137.0 228.0 Pedestrian
19 0.0 1143.0 224.0 Pedestrian
20 0.0 1147.0 220.0 Pedestrian
21 0.0 1151.0 211.0 Pedestrian
22 0.0 1157.0 207.0 Pedestrian
23 0.0 1161.0 203.0 Pedestrian
24 0.0 1167.0 199.0 Pedestrian
25 0.0 1169.0 195.0 Pedestrian
0 3.0 781.0 238.5 Cart
1 3.0 785.0 209.5 Cart
0 4.0 739.5 267.5 Cart
1 4.0 741.5 261.5 Cart
2 4.0 743.5 259.5 Cart
3 4.0 747.0 255.0 Cart
4 4.0 750.0 251.0 Cart
5 4.0 753.0 247.0 Cart
6 4.0 755.0 245.0 Cart
0 5.0 747.0 423.5 Biker
1 5.0 747.0 394.5 Biker
2 5.0 747.0 365.5 Biker
3 5.0 749.0 336.0 Biker
4 5.0 749.0 306.5 Biker
5 5.0 751.0 280.0 Biker
6 5.0 751.0 250.5 Biker
7 5.0 751.0 221.5 Biker
8 5.0 755.0 196.5 Biker
43 5.0 755.0 198.5 Biker
44 5.0 753.0 205.5 Biker
45 5.0 753.0 209.5 Biker
0 6.0 775.0 662.0 Biker
1 6.0 777.0 623.0 Biker
2 6.0 781.0 585.0 Biker
3 6.0 785.0 548.0 Biker
4 6.0 789.0 510.5 Biker
5 6.0 793.0 473.0 Biker
6 6.0 797.0 436.0 Biker
7 6.0 801.0 398.0 Biker
8 6.0 805.0 363.0 Biker
9 6.0 809.0 327.5 Biker
10 6.0 813.0 292.5 Biker
11 6.0 821.0 259.0 Biker
12 6.0 827.5 230.0 Biker
13 6.0 833.5 197.0 Biker
35 6.0 825.0 203.0 Biker
36 6.0 825.0 213.5 Biker
37 6.0 823.0 224.0 Biker
38 6.0 821.0 232.0 Biker
39 6.0 821.0 242.5 Biker
40 6.0 819.0 253.0 Biker
41 6.0 817.0 263.5 Biker
42 6.0 817.0 271.5 Biker
43 6.0 815.0 282.0 Biker
44 6.0 813.0 292.5 Biker
45 6.0 813.0 300.5 Biker
0 7.0 747.0 762.0 Biker
1 7.0 747.0 720.0 Biker
2 7.0 747.0 683.0 Biker
3 7.0 749.0 645.5 Biker
4 7.0 749.0 608.0 Biker
5 7.0 751.0 571.0 Biker
6 7.0 751.0 533.0 Biker
7 7.0 753.0 496.0 Biker
8 7.0 759.0 458.5 Biker
9 7.0 765.0 423.0 Biker
10 7.0 769.0 386.0 Biker
11 7.0 775.0 348.5 Biker
12 7.0 780.0 311.0 Biker
13 7.0 784.0 269.5 Biker
14 7.0 790.0 232.0 Biker
15 7.0 792.0 195.0 Biker
30 7.0 781.0 199.0 Biker
31 7.0 780.0 211.0 Biker
32 7.0 779.0 224.0 Biker
33 7.0 779.0 236.0 Biker
34 7.0 778.0 249.0 Biker
35 7.0 777.0 265.0 Biker
36 7.0 776.0 278.0 Biker
37 7.0 775.0 290.0 Biker
38 7.0 774.0 303.0 Biker
39 7.0 773.0 315.0 Biker
40 7.0 773.0 328.0 Biker
41 7.0 771.0 344.0 Biker
42 7.0 771.0 357.0 Biker
43 7.0 769.0 369.0 Biker
44 7.0 769.0 382.0 Biker
45 7.0 769.0 394.0 Biker
0 8.0 493.5 537.5 Pedestrian
1 8.0 493.5 571.0 Pedestrian
2 8.0 493.5 604.0 Pedestrian
3 8.0 493.5 639.0 Pedestrian
4 8.0 493.5 672.5 Pedestrian
5 8.0 493.5 710.0 Pedestrian
6 8.0 489.5 739.0 Pedestrian
7 8.0 485.5 772.0 Pedestrian
8 8.0 477.5 801.0 Pedestrian
9 8.0 469.5 828.0 Pedestrian
10 8.0 461.5 857.0 Pedestrian
11 8.0 457.0 861.0 Pedestrian
12 8.0 471.5 807.0 Pedestrian
13 8.0 483.5 755.5 Pedestrian
14 8.0 497.5 706.0 Pedestrian
15 8.0 386.0 872.0 Pedestrian
16 8.0 313.0 953.0 Pedestrian
17 8.0 277.0 957.0 Pedestrian
18 8.0 239.5 961.5 Pedestrian
19 8.0 201.0 965.5 Pedestrian
20 8.0 165.0 969.5 Pedestrian
31 8.0 151.0 923.5 Pedestrian
32 8.0 174.0 913.5 Pedestrian
33 8.0 198.0 903.0 Pedestrian
34 8.0 221.5 892.5 Pedestrian
35 8.0 244.5 882.5 Pedestrian
36 8.0 269.0 872.0 Pedestrian
37 8.0 293.0 861.5 Pedestrian
38 8.0 316.0 851.0 Pedestrian
39 8.0 339.5 841.0 Pedestrian
40 8.0 363.5 832.5 Pedestrian
41 8.0 388.0 820.0 Pedestrian
42 8.0 411.0 809.5 Pedestrian
43 8.0 435.0 799.0 Pedestrian
44 8.0 459.5 789.0 Pedestrian
45 8.0 481.5 780.5 Pedestrian
0 9.0 773.0 924.0 Biker
1 9.0 767.0 894.5 Biker
2 9.0 763.0 865.5 Biker
3 9.0 758.0 836.5 Biker
4 9.0 754.0 807.5 Biker
5 9.0 750.0 778.5 Biker
6 9.0 748.0 745.0 Biker
7 9.0 745.5 716.0 Biker
8 9.0 745.5 687.0 Biker
9 9.0 745.5 645.5 Biker
10 9.0 745.5 604.0 Biker
11 9.0 748.0 564.5 Biker
12 9.0 752.0 527.0 Biker
13 9.0 758.0 485.5 Biker
14 9.0 764.0 448.0 Biker
15 9.0 768.0 410.5 Biker
16 9.0 772.0 381.5 Biker
17 9.0 776.0 348.5 Biker
18 9.0 778.0 315.5 Biker
19 9.0 782.0 278.0 Biker
20 9.0 788.0 236.5 Biker
31 9.0 788.0 211.5 Biker
32 9.0 784.0 244.5 Biker
33 9.0 782.0 278.0 Biker
34 9.0 778.0 313.0 Biker
35 9.0 776.0 346.5 Biker
36 9.0 772.0 379.5 Biker
37 9.0 770.0 413.0 Biker
38 9.0 766.0 446.0 Biker
39 9.0 764.0 479.5 Biker
40 9.0 760.0 512.5 Biker
41 9.0 758.0 546.0 Biker
42 9.0 754.0 581.0 Biker
43 9.0 752.0 614.5 Biker
44 9.0 748.0 649.5 Biker
45 9.0 745.5 683.0 Biker
0 10.0 803.0 986.0 Biker
1 10.0 769.0 973.5 Biker
2 10.0 734.5 961.5 Biker
3 10.0 700.5 948.5 Biker
4 10.0 666.0 938.5 Biker
5 10.0 627.5 934.5 Biker
6 10.0 585.5 938.5 Biker
7 10.0 541.0 942.5 Biker
8 10.0 496.5 946.5 Biker
9 10.0 452.0 955.0 Biker
10 10.0 406.0 963.5 Biker
11 10.0 361.5 967.5 Biker
12 10.0 315.0 975.5 Biker
13 10.0 267.0 975.5 Biker
14 10.0 219.5 971.5 Biker
15 10.0 175.0 971.5 Biker
25 10.0 149.0 979.5 Biker
26 10.0 169.0 975.5 Biker
27 10.0 189.0 975.5 Biker
28 10.0 208.0 971.5 Biker
29 10.0 228.5 971.5 Biker
30 10.0 247.5 967.5 Biker
31 10.0 268.0 967.5 Biker
32 10.0 287.0 963.5 Biker
33 10.0 307.0 963.5 Biker
34 10.0 327.0 963.5 Biker
35 10.0 346.5 959.5 Biker
36 10.0 366.5 959.5 Biker
37 10.0 385.5 955.0 Biker
38 10.0 406.0 955.0 Biker
39 10.0 426.0 950.5 Biker
40 10.0 445.0 950.5 Biker
41 10.0 464.5 946.5 Biker
42 10.0 484.5 946.5 Biker
43 10.0 504.5 942.5 Biker
44 10.0 525.0 942.5 Biker
45 10.0 545.0 942.5 Biker
0 11.0 826.5 925.5 Cart
1 11.0 810.0 921.5 Cart
2 11.0 794.0 921.5 Cart
3 11.0 778.0 917.5 Cart
4 11.0 764.0 917.5 Cart
5 11.0 739.5 913.5 Cart
6 11.0 709.5 909.5 Cart
7 11.0 679.0 905.5 Cart
8 11.0 645.0 909.5 Cart
9 11.0 610.5 913.5 Cart
10 11.0 576.0 917.5 Cart
11 11.0 542.0 925.5 Cart
12 11.0 506.0 930.0 Cart
13 11.0 465.5 942.5 Cart
14 11.0 429.0 955.0 Cart
15 11.0 399.0 971.5 Cart
16 11.0 368.5 988.5 Cart
17 11.0 310.0 992.5 Cart
18 11.0 247.5 992.5 Cart
19 11.0 197.0 992.5 Cart
20 11.0 165.0 996.5 Cart
29 11.0 153.0 992.5 Cart
30 11.0 185.0 988.5 Cart
31 11.0 217.0 979.5 Cart
32 11.0 251.5 975.5 Cart
33 11.0 284.0 971.5 Cart
34 11.0 316.0 963.5 Cart
35 11.0 350.5 959.5 Cart
36 11.0 382.5 955.0 Cart
37 11.0 415.0 946.5 Cart
38 11.0 449.0 942.5 Cart
39 11.0 481.5 938.5 Cart
40 11.0 514.0 930.0 Cart
41 11.0 548.0 925.5 Cart
42 11.0 580.0 921.5 Cart
43 11.0 612.5 913.5 Cart
44 11.0 647.0 909.5 Cart
45 11.0 679.0 905.5 Cart
0 12.0 906.0 951.0 Cart
1 12.0 885.0 955.0 Cart
2 12.0 865.0 955.0 Cart
3 12.0 852.5 951.0 Cart
4 12.0 840.5 942.5 Cart
5 12.0 830.5 938.5 Cart
6 12.0 818.0 930.0 Cart
7 12.0 806.0 921.5 Cart
8 12.0 792.0 917.5 Cart
9 12.0 780.0 913.5 Cart
10 12.0 768.0 909.0 Cart
11 12.0 754.0 901.0 Cart
12 12.0 741.5 897.0 Cart
13 12.0 725.5 897.0 Cart
14 12.0 705.0 897.0 Cart
15 12.0 687.0 897.0 Cart
16 12.0 667.0 897.0 Cart
17 12.0 637.0 905.0 Cart
18 12.0 612.5 909.0 Cart
19 12.0 586.5 909.0 Cart
20 12.0 560.0 909.0 Cart
21 12.0 532.0 909.0 Cart
22 12.0 493.5 913.5 Cart
23 12.0 439.0 921.5 Cart
24 12.0 383.0 934.0 Cart
25 12.0 328.0 946.5 Cart
26 12.0 274.0 959.0 Cart
27 12.0 219.0 967.5 Cart
28 12.0 165.0 980.0 Cart
38 12.0 187.0 959.0 Cart
39 12.0 270.0 955.0 Cart
40 12.0 352.5 946.5 Cart
41 12.0 435.0 938.5 Cart
42 12.0 518.0 934.0 Cart
43 12.0 600.5 926.0 Cart
44 12.0 683.0 917.5 Cart
45 12.0 766.0 913.5 Cart
0 13.0 963.5 979.5 Biker
1 13.0 935.0 975.5 Biker
2 13.0 911.0 975.5 Biker
3 13.0 893.0 975.5 Biker
4 13.0 875.0 975.5 Biker
5 13.0 856.5 975.5 Biker
6 13.0 836.5 979.5 Biker
7 13.0 816.0 984.0 Biker
8 13.0 794.0 984.0 Biker
9 13.0 774.0 979.5 Biker
10 13.0 748.0 971.5 Biker
11 13.0 721.5 955.0 Biker
12 13.0 693.0 942.5 Biker
13 13.0 663.0 938.5 Biker
14 13.0 627.0 942.5 Biker
15 13.0 592.5 946.5 Biker
16 13.0 558.0 950.5 Biker
17 13.0 530.0 950.5 Biker
18 13.0 503.5 946.5 Biker
19 13.0 469.5 946.5 Biker
20 13.0 433.0 946.5 Biker
21 13.0 397.0 946.5 Biker
22 13.0 356.5 950.5 Biker
23 13.0 312.0 963.5 Biker
24 13.0 272.0 967.5 Biker
25 13.0 233.5 967.5 Biker
26 13.0 195.0 967.5 Biker
27 13.0 157.0 967.5 Biker
34 13.0 173.0 975.5 Biker
35 13.0 226.5 975.5 Biker
36 13.0 280.0 975.5 Biker
37 13.0 333.0 975.5 Biker
38 13.0 386.0 975.5 Biker
39 13.0 440.0 975.5 Biker
40 13.0 492.5 975.5 Biker
41 13.0 546.0 975.5 Biker
42 13.0 599.5 975.5 Biker
43 13.0 653.0 975.5 Biker
44 13.0 706.5 975.5 Biker
45 13.0 760.0 975.5 Biker
0 14.0 1172.0 967.5 Biker
1 14.0 1126.0 963.5 Biker
2 14.0 1083.5 963.5 Biker
3 14.0 1045.0 975.5 Biker
4 14.0 1005.0 975.5 Biker
5 14.0 966.5 979.5 Biker
6 14.0 931.0 984.0 Biker
7 14.0 897.0 988.5 Biker
8 14.0 871.0 975.5 Biker
9 14.0 844.5 967.5 Biker
10 14.0 812.0 963.5 Biker
11 14.0 780.0 959.5 Biker
12 14.0 748.0 959.5 Biker
13 14.0 717.5 959.5 Biker
14 14.0 689.0 963.5 Biker
15 14.0 661.0 967.5 Biker
16 14.0 633.0 971.5 Biker
17 14.0 600.5 971.5 Biker
18 14.0 560.0 971.5 Biker
19 14.0 520.0 971.5 Biker
20 14.0 479.5 971.5 Biker
21 14.0 441.0 979.5 Biker
22 14.0 405.0 988.5 Biker
23 14.0 364.5 996.5 Biker
24 14.0 320.0 1000.5 Biker
25 14.0 276.0 1004.5 Biker
26 14.0 233.5 1004.5 Biker
27 14.0 195.0 1004.5 Biker
28 14.0 157.0 1004.5 Biker
34 14.0 161.0 1000.5 Biker
35 14.0 223.5 996.5 Biker
36 14.0 284.0 992.5 Biker
37 14.0 344.5 992.5 Biker
38 14.0 407.0 988.5 Biker
39 14.0 467.5 984.0 Biker
40 14.0 530.0 979.5 Biker
41 14.0 590.5 979.5 Biker
42 14.0 651.0 975.5 Biker
43 14.0 713.5 971.5 Biker
44 14.0 774.0 967.5 Biker
45 14.0 834.5 967.5 Biker
0 15.0 1157.0 1063.0 Biker
1 15.0 1185.0 1059.0 Biker
2 15.0 1213.5 1054.5 Biker
3 15.0 1242.0 1050.5 Biker
4 15.0 1270.0 1044.0 Biker
0 16.0 1240.0 1046.0 Biker
1 16.0 1271.0 1046.0 Biker
0 17.0 1270.0 1084.0 Cart
2 20.0 164.0 1050.5 Cart
3 20.0 210.0 1050.5 Cart
4 20.0 254.5 1059.0 Cart
5 20.0 299.0 1071.0 Cart
6 20.0 343.5 1084.0 Cart
7 20.0 388.0 1096.0 Cart
8 20.0 431.0 1109.0 Cart
9 20.0 475.5 1121.0 Cart
10 20.0 520.0 1134.0 Cart
11 20.0 562.0 1138.0 Cart
12 20.0 598.5 1138.0 Cart
13 20.0 635.0 1138.0 Cart
14 20.0 671.0 1138.0 Cart
15 20.0 707.5 1138.0 Cart
16 20.0 713.5 1121.0 Cart
17 20.0 721.5 1104.5 Cart
18 20.0 729.5 1088.0 Cart
19 20.0 737.5 1071.0 Cart
20 20.0 745.5 1059.0 Cart
21 20.0 745.5 1026.0 Cart
22 20.0 745.5 996.5 Cart
23 20.0 745.5 963.0 Cart
24 20.0 741.5 930.0 Cart
25 20.0 737.5 901.0 Cart
26 20.0 731.5 868.0 Cart
27 20.0 725.5 834.5 Cart
28 20.0 719.5 801.0 Cart
29 20.0 713.5 772.0 Cart
30 20.0 707.5 739.0 Cart
31 20.0 709.5 706.0 Cart
32 20.0 711.5 668.0 Cart
33 20.0 713.5 635.0 Cart
34 20.0 717.5 602.0 Cart
35 20.0 719.5 564.5 Cart
36 20.0 723.5 531.0 Cart
37 20.0 725.5 494.0 Cart
38 20.0 729.5 461.0 Cart
39 20.0 731.5 427.0 Cart
40 20.0 733.5 390.0 Cart
41 20.0 737.5 359.0 Cart
42 20.0 738.5 325.5 Cart
43 20.0 740.5 294.5 Cart
44 20.0 741.5 263.5 Cart
45 20.0 741.5 230.0 Cart
2 21.0 177.0 1088.0 Biker
3 21.0 211.0 1092.0 Biker
4 21.0 245.5 1100.0 Biker
5 21.0 278.0 1104.5 Biker
6 21.0 312.0 1113.0 Biker
7 21.0 344.5 1121.0 Biker
8 21.0 376.5 1125.0 Biker
9 21.0 411.0 1134.0 Biker
10 21.0 443.0 1138.0 Biker
11 21.0 469.5 1138.0 Biker
12 21.0 479.5 1113.0 Biker
13 21.0 489.5 1088.0 Biker
14 21.0 500.5 1063.0 Biker
15 21.0 511.0 1038.0 Biker
16 21.0 521.0 1017.0 Biker
17 21.0 531.0 992.0 Biker
18 21.0 541.0 967.5 Biker
19 21.0 607.5 938.0 Biker
20 21.0 712.5 907.0 Biker
21 21.0 534.0 955.0 Biker
22 21.0 461.5 967.5 Biker
23 21.0 546.0 926.0 Biker
24 21.0 592.5 901.0 Biker
25 21.0 586.5 905.0 Biker
26 21.0 580.5 909.0 Biker
27 21.0 572.0 913.0 Biker
28 21.0 566.0 917.5 Biker
29 21.0 560.0 922.0 Biker
30 21.0 552.0 926.0 Biker
31 21.0 550.0 938.0 Biker
32 21.0 548.0 951.0 Biker
33 21.0 524.0 951.0 Biker
34 21.0 501.5 951.0 Biker
35 21.0 479.5 955.0 Biker
36 21.0 457.5 955.0 Biker
37 21.0 435.0 955.0 Biker
38 21.0 413.0 959.0 Biker
39 21.0 391.0 959.0 Biker
40 21.0 368.5 959.0 Biker
41 21.0 346.5 963.0 Biker
42 21.0 324.0 963.0 Biker
43 21.0 302.0 963.0 Biker
44 21.0 284.0 967.5 Biker
45 21.0 284.0 967.5 Biker
0 22.0 507.0 1129.5 Biker
1 22.0 529.0 1125.5 Biker
2 22.0 553.0 1125.5 Biker
3 22.0 577.0 1121.0 Biker
4 22.0 601.5 1121.0 Biker
5 22.0 625.5 1117.0 Biker
6 22.0 650.0 1117.0 Biker
7 22.0 674.0 1113.0 Biker
8 22.0 698.0 1113.0 Biker
9 22.0 721.5 1108.5 Biker
10 22.0 745.5 1108.5 Biker
11 22.0 762.0 1096.5 Biker
12 22.0 776.0 1083.5 Biker
13 22.0 791.0 1071.5 Biker
14 22.0 805.0 1059.0 Biker
15 22.0 818.0 1042.5 Biker
16 22.0 831.5 1025.5 Biker
17 22.0 844.5 1005.0 Biker
18 22.0 856.5 988.0 Biker
19 22.0 856.5 963.5 Biker
20 22.0 856.5 938.5 Biker
21 22.0 848.5 915.5 Biker
22 22.0 838.5 894.5 Biker
23 22.0 828.5 869.5 Biker
24 22.0 819.0 844.5 Biker
25 22.0 810.0 822.0 Biker
26 22.0 801.0 797.0 Biker
27 22.0 793.0 772.0 Biker
28 22.0 783.0 751.5 Biker
29 22.0 783.0 793.0 Biker
30 22.0 784.0 851.0 Biker
31 22.0 786.0 909.5 Biker
32 22.0 788.0 971.5 Biker
33 22.0 784.0 880.0 Biker
34 22.0 782.0 793.0 Biker
35 22.0 778.0 701.5 Biker
36 22.0 776.0 614.5 Biker
37 22.0 778.0 577.0 Biker
38 22.0 782.0 539.5 Biker
39 22.0 784.0 502.0 Biker
40 22.0 788.0 464.5 Biker
41 22.0 790.0 427.5 Biker
42 22.0 794.0 390.0 Biker
43 22.0 796.0 352.5 Biker
44 22.0 800.0 311.0 Biker
45 22.0 802.0 302.5 Biker
0 23.0 582.0 1397.5 Cart
1 23.0 582.0 1430.5 Cart
2 23.0 584.5 1463.5 Cart
3 23.0 584.5 1497.0 Cart
4 23.0 586.5 1530.5 Cart
5 23.0 588.5 1563.5 Cart
6 23.0 588.5 1596.5 Cart
7 23.0 590.5 1630.0 Cart
8 23.0 592.5 1663.5 Cart
9 23.0 592.5 1696.5 Cart
10 23.0 594.5 1725.5 Cart
29 23.0 596.5 1750.5 Cart
30 23.0 596.5 1746.5 Cart
31 23.0 596.5 1742.5 Cart
32 23.0 594.5 1733.5 Cart
33 23.0 594.5 1729.5 Cart
34 23.0 594.5 1725.5 Cart
35 23.0 594.5 1717.5 Cart
36 23.0 594.5 1713.0 Cart
37 23.0 594.5 1709.0 Cart
38 23.0 594.5 1700.5 Cart
39 23.0 592.5 1696.5 Cart
40 23.0 592.5 1688.5 Cart
41 23.0 592.5 1684.0 Cart
42 23.0 592.5 1679.5 Cart
43 23.0 592.5 1671.5 Cart
44 23.0 592.5 1667.5 Cart
45 23.0 592.5 1663.5 Cart
0 24.0 585.0 1572.0 Biker
1 24.0 585.0 1599.0 Biker
2 24.0 585.0 1628.0 Biker
3 24.0 585.0 1657.0 Biker
4 24.0 587.5 1686.0 Biker
5 24.0 589.5 1711.0 Biker
6 24.0 591.5 1740.0 Biker
0 25.0 656.0 1719.5 Cart
1 25.0 654.0 1677.5 Cart
2 25.0 654.0 1636.5 Cart
3 25.0 653.0 1598.5 Cart
4 25.0 653.0 1557.5 Cart
5 25.0 653.0 1524.0 Cart
6 25.0 653.0 1495.0 Cart
7 25.0 655.0 1470.0 Cart
8 25.0 657.0 1445.5 Cart
9 25.0 659.0 1420.5 Cart
10 25.0 663.0 1399.5 Cart
11 25.0 667.0 1378.5 Cart
12 25.0 669.0 1358.0 Cart
13 25.0 673.0 1337.5 Cart
14 25.0 683.0 1320.5 Cart
15 25.0 693.0 1304.0 Cart
16 25.0 703.5 1291.5 Cart
17 25.0 713.5 1274.5 Cart
18 25.0 725.5 1262.5 Cart
19 25.0 735.5 1245.5 Cart
20 25.0 745.5 1229.5 Cart
21 25.0 756.0 1216.5 Cart
22 25.0 768.0 1200.0 Cart
23 25.0 778.0 1187.5 Cart
24 25.0 782.0 1166.5 Cart
25 25.0 784.0 1150.5 Cart
26 25.0 786.0 1129.5 Cart
27 25.0 790.0 1108.5 Cart
28 25.0 792.0 1092.0 Cart
29 25.0 794.0 1071.5 Cart
30 25.0 792.0 1038.0 Cart
31 25.0 788.0 1004.5 Cart
32 25.0 786.0 971.5 Cart
33 25.0 782.0 938.5 Cart
34 25.0 780.0 901.0 Cart
35 25.0 776.0 867.5 Cart
36 25.0 772.0 834.5 Cart
37 25.0 770.0 801.5 Cart
38 25.0 766.0 768.0 Cart
39 25.0 766.0 730.5 Cart
40 25.0 766.0 697.5 Cart
41 25.0 766.0 660.0 Cart
42 25.0 766.0 622.5 Cart
43 25.0 766.0 589.5 Cart
44 25.0 766.0 552.0 Cart
45 25.0 766.0 514.5 Cart
0 27.0 590.5 1167.0 Biker
1 27.0 614.5 1167.0 Biker
2 27.0 641.0 1167.0 Biker
3 27.0 667.0 1167.0 Biker
4 27.0 692.0 1171.0 Biker
5 27.0 717.5 1177.5 Biker
6 27.0 748.0 1160.5 Biker
7 27.0 780.0 1148.0 Biker
8 27.0 810.0 1140.0 Biker
9 27.0 842.5 1131.5 Biker
10 27.0 873.0 1123.5 Biker
11 27.0 905.0 1115.0 Biker
12 27.0 939.0 1102.5 Biker
13 27.0 975.5 1090.0 Biker
14 27.0 1010.0 1077.5 Biker
15 27.0 1044.0 1061.0 Biker
16 27.0 1080.5 1056.5 Biker
17 27.0 1115.0 1052.5 Biker
18 27.0 1149.0 1048.5 Biker
19 27.0 1177.0 1040.0 Biker
20 27.0 1205.5 1029.5 Biker
21 27.0 1242.0 1025.5 Biker
22 27.0 1276.0 1021.5 Biker
31 27.0 1284.0 1058.5 Biker
32 27.0 1248.0 1063.0 Biker
33 27.0 1211.5 1071.5 Biker
34 27.0 1175.0 1077.5 Biker
35 27.0 1139.0 1083.5 Biker
36 27.0 1102.5 1090.0 Biker
37 27.0 1066.0 1096.5 Biker
38 27.0 1030.0 1102.5 Biker
39 27.0 994.0 1110.5 Biker
40 27.0 957.5 1117.0 Biker
41 27.0 921.0 1123.5 Biker
42 27.0 883.0 1131.5 Biker
43 27.0 846.5 1135.5 Biker
44 27.0 810.0 1144.0 Biker
45 27.0 774.0 1148.0 Biker
0 28.0 595.5 1121.0 Biker
1 28.0 630.0 1117.0 Biker
2 28.0 664.0 1117.0 Biker
3 28.0 700.0 1117.0 Biker
4 28.0 730.5 1113.0 Biker
5 28.0 761.0 1113.0 Biker
6 28.0 801.0 1109.0 Biker
7 28.0 837.5 1104.5 Biker
8 28.0 867.5 1096.0 Biker
9 28.0 899.0 1092.0 Biker
10 28.0 929.0 1084.0 Biker
11 28.0 961.5 1075.5 Biker
12 28.0 996.0 1063.0 Biker
13 28.0 1030.0 1050.5 Biker
14 28.0 1064.0 1042.0 Biker
15 28.0 1098.5 1030.0 Biker
16 28.0 1135.0 1017.0 Biker
17 28.0 1171.0 1005.0 Biker
18 28.0 1209.5 992.0 Biker
19 28.0 1260.0 988.0 Biker
28 28.0 1288.0 1009.0 Biker
29 28.0 1262.0 1017.0 Biker
30 28.0 1235.0 1021.5 Biker
31 28.0 1207.5 1026.0 Biker
32 28.0 1181.0 1034.0 Biker
33 28.0 1154.0 1038.0 Biker
34 28.0 1127.0 1042.0 Biker
35 28.0 1099.5 1050.5 Biker
36 28.0 1073.5 1055.0 Biker
37 28.0 1046.0 1059.0 Biker
38 28.0 1019.0 1067.0 Biker
39 28.0 993.0 1071.0 Biker
40 28.0 965.5 1080.0 Biker
41 28.0 938.0 1084.0 Biker
42 28.0 912.0 1088.0 Biker
43 28.0 885.0 1096.0 Biker
44 28.0 857.5 1100.0 Biker
45 28.0 831.5 1104.5 Biker
0 29.0 696.0 1164.5 Biker
1 29.0 715.5 1144.0 Biker
2 29.0 735.5 1127.5 Biker
3 29.0 768.0 1110.5 Biker
4 29.0 800.0 1094.5 Biker
5 29.0 834.5 1081.5 Biker
6 29.0 864.5 1069.5 Biker
7 29.0 895.0 1056.5 Biker
8 29.0 929.0 1048.5 Biker
9 29.0 961.5 1040.5 Biker
10 29.0 996.0 1031.5 Biker
11 29.0 1028.0 1031.5 Biker
12 29.0 1060.0 1031.5 Biker
13 29.0 1092.5 1031.5 Biker
14 29.0 1125.0 1031.5 Biker
15 29.0 1159.0 1031.5 Biker
16 29.0 1191.5 1036.0 Biker
17 29.0 1223.5 1036.0 Biker
18 29.0 1260.0 1031.5 Biker
29 29.0 1282.0 1042.5 Biker
30 29.0 1257.0 1042.5 Biker
31 29.0 1233.0 1044.5 Biker
32 29.0 1207.5 1046.5 Biker
33 29.0 1183.0 1046.5 Biker
34 29.0 1159.0 1046.5 Biker
35 29.0 1134.0 1048.5 Biker
36 29.0 1109.5 1048.5 Biker
37 29.0 1085.5 1050.5 Biker
38 29.0 1060.0 1052.5 Biker
39 29.0 1036.0 1052.5 Biker
40 29.0 1012.0 1052.5 Biker
41 29.0 986.5 1054.5 Biker
42 29.0 962.5 1056.5 Biker
43 29.0 937.0 1056.5 Biker
44 29.0 913.0 1056.5 Biker
45 29.0 889.0 1056.5 Biker
0 30.0 804.0 1200.5 Cart
1 30.0 816.0 1183.5 Cart
2 30.0 830.5 1171.0 Cart
3 30.0 844.5 1158.5 Cart
4 30.0 862.5 1154.5 Cart
5 30.0 883.0 1146.5 Cart
6 30.0 903.0 1141.5 Cart
7 30.0 925.0 1137.5 Cart
8 30.0 950.5 1129.5 Cart
9 30.0 975.5 1121.5 Cart
10 30.0 1001.0 1112.5 Cart
11 30.0 1026.0 1104.5 Cart
12 30.0 1052.0 1096.5 Cart
13 30.0 1080.5 1092.5 Cart
14 30.0 1109.0 1087.5 Cart
15 30.0 1139.0 1083.5 Cart
16 30.0 1167.0 1079.5 Cart
17 30.0 1195.5 1079.5 Cart
18 30.0 1223.5 1075.5 Cart
19 30.0 1250.0 1071.5 Cart
20 30.0 1278.0 1071.5 Cart
28 30.0 1272.0 1075.5 Cart
29 30.0 1189.0 1092.5 Cart
30 30.0 1107.0 1108.5 Cart
31 30.0 1026.0 1125.5 Cart
32 30.0 943.0 1146.5 Cart
33 30.0 860.5 1162.5 Cart
34 30.0 804.0 1171.0 Cart
35 30.0 804.0 1171.0 Cart
36 30.0 804.0 1171.0 Cart
37 30.0 806.0 1171.0 Cart
38 30.0 806.0 1171.0 Cart
39 30.0 806.0 1171.0 Cart
40 30.0 812.0 1166.5 Cart
41 30.0 832.5 1162.5 Cart
42 30.0 852.5 1158.5 Cart
43 30.0 873.0 1150.5 Cart
44 30.0 893.0 1146.5 Cart
45 30.0 913.0 1141.5 Cart
0 31.0 658.0 1223.0 Cart
1 31.0 666.0 1227.0 Cart
2 31.0 676.0 1231.0 Cart
3 31.0 688.0 1231.0 Cart
4 31.0 702.0 1231.0 Cart
5 31.0 716.5 1227.0 Cart
6 31.0 730.5 1223.0 Cart
7 31.0 745.0 1219.0 Cart
8 31.0 761.0 1219.0 Cart
9 31.0 769.0 1214.5 Cart
10 31.0 779.0 1210.5 Cart
11 31.0 789.0 1206.0 Cart
12 31.0 797.0 1202.0 Cart
13 31.0 807.0 1202.0 Cart
14 31.0 813.0 1194.0 Cart
15 31.0 817.0 1185.5 Cart
16 31.0 821.0 1175.0 Cart
17 31.0 827.5 1167.0 Cart
18 31.0 831.5 1158.5 Cart
19 31.0 835.5 1150.0 Cart
20 31.0 841.5 1142.0 Cart
21 31.0 845.5 1134.0 Cart
22 31.0 849.5 1125.0 Cart
23 31.0 851.5 1117.0 Cart
24 31.0 853.5 1104.5 Cart
25 31.0 855.5 1096.0 Cart
26 31.0 857.5 1088.0 Cart
27 31.0 859.5 1075.5 Cart
28 31.0 861.5 1067.0 Cart
29 31.0 863.5 1059.0 Cart
30 31.0 866.0 1042.0 Cart
31 31.0 867.0 1021.5 Cart
32 31.0 868.0 996.5 Cart
33 31.0 869.0 976.0 Cart
34 31.0 871.0 955.0 Cart
35 31.0 869.0 942.5 Cart
36 31.0 869.0 934.0 Cart
37 31.0 867.0 922.0 Cart
38 31.0 867.0 913.0 Cart
39 31.0 865.0 901.0 Cart
40 31.0 865.0 893.0 Cart
41 31.0 856.5 880.0 Cart
42 31.0 848.5 872.0 Cart
43 31.0 840.5 859.0 Cart
44 31.0 834.5 859.0 Cart
45 31.0 784.0 1098.0 Cart
0 32.0 691.0 1266.5 Biker
1 32.0 703.0 1266.5 Biker
2 32.0 717.5 1266.5 Biker
3 32.0 729.5 1262.5 Biker
4 32.0 735.5 1262.5 Biker
5 32.0 744.0 1262.5 Biker
6 32.0 752.0 1258.5 Biker
7 32.0 764.0 1258.5 Biker
8 32.0 775.0 1256.5 Biker
9 32.0 786.0 1254.0 Biker
10 32.0 796.0 1250.0 Biker
11 32.0 804.0 1245.5 Biker
12 32.0 812.0 1237.5 Biker
13 32.0 820.0 1233.5 Biker
14 32.0 828.5 1229.5 Biker
15 32.0 836.5 1225.0 Biker
16 32.0 844.5 1225.0 Biker
17 32.0 848.5 1208.5 Biker
18 32.0 862.5 1200.0 Biker
19 32.0 887.0 1200.0 Biker
20 32.0 901.0 1196.0 Biker
21 32.0 911.0 1191.5 Biker
22 32.0 921.0 1183.5 Biker
23 32.0 933.0 1179.5 Biker
24 32.0 943.0 1175.5 Biker
25 32.0 955.5 1171.0 Biker
26 32.0 965.5 1166.5 Biker
27 32.0 975.5 1162.5 Biker
28 32.0 988.0 1158.5 Biker
29 32.0 998.0 1154.5 Biker
30 32.0 1008.0 1150.5 Biker
31 32.0 1020.0 1146.0 Biker
32 32.0 1030.0 1142.0 Biker
33 32.0 1040.0 1137.5 Biker
34 32.0 1052.0 1133.5 Biker
35 32.0 1062.0 1125.5 Biker
36 32.0 1072.5 1121.5 Biker
37 32.0 1084.5 1117.0 Biker
38 32.0 1096.5 1112.5 Biker
39 32.0 1117.0 1112.5 Biker
40 32.0 1137.0 1112.5 Biker
41 32.0 1157.0 1108.5 Biker
42 32.0 1177.0 1108.5 Biker
43 32.0 1157.0 1121.5 Biker
44 32.0 983.5 1183.5 Biker
45 32.0 810.0 1245.5 Biker
0 33.0 696.0 1339.0 Biker
1 33.0 698.0 1322.5 Biker
2 33.0 700.0 1310.0 Biker
3 33.0 704.5 1298.0 Biker
4 33.0 709.5 1289.0 Biker
5 33.0 713.5 1279.0 Biker
6 33.0 718.5 1270.5 Biker
7 33.0 723.5 1262.5 Biker
8 33.0 727.5 1248.0 Biker
9 33.0 731.5 1235.5 Biker
10 33.0 737.5 1218.5 Biker
11 33.0 741.5 1202.0 Biker
12 33.0 748.0 1189.5 Biker
13 33.0 754.0 1160.5 Biker
14 33.0 760.0 1131.5 Biker
15 33.0 766.0 1106.5 Biker
16 33.0 772.0 1077.5 Biker
17 33.0 772.0 1048.5 Biker
18 33.0 770.0 1015.5 Biker
19 33.0 768.0 986.0 Biker
20 33.0 766.0 953.0 Biker
21 33.0 764.0 919.5 Biker
22 33.0 762.0 886.5 Biker
23 33.0 760.0 857.5 Biker
24 33.0 756.0 828.5 Biker
25 33.0 752.0 795.0 Biker
26 33.0 748.0 766.0 Biker
27 33.0 743.5 737.0 Biker
28 33.0 739.5 703.5 Biker
29 33.0 739.5 670.5 Biker
30 33.0 739.5 633.0 Biker
31 33.0 739.5 593.5 Biker
32 33.0 739.5 556.5 Biker
33 33.0 739.5 518.5 Biker
34 33.0 739.5 481.5 Biker
35 33.0 741.5 448.5 Biker
36 33.0 741.5 415.0 Biker
37 33.0 743.5 381.5 Biker
38 33.0 748.0 348.5 Biker
39 33.0 754.0 319.5 Biker
40 33.0 758.0 286.5 Biker
41 33.0 760.0 248.5 Biker
42 33.0 762.0 211.5 Biker
0 34.0 798.0 990.5 Cart
1 34.0 798.0 990.5 Cart
2 34.0 798.0 990.5 Cart
3 34.0 798.0 990.5 Cart
4 34.0 788.0 973.5 Cart
5 34.0 778.0 961.5 Cart
6 34.0 768.0 946.5 Cart
7 34.0 758.0 930.0 Cart
8 34.0 748.0 905.0 Cart
9 34.0 737.5 872.0 Cart
10 34.0 727.5 842.5 Cart
11 34.0 721.5 822.0 Cart
12 34.0 713.5 801.5 Cart
13 34.0 709.5 780.5 Cart
14 34.0 709.5 755.5 Cart
15 34.0 709.5 734.5 Cart
16 34.0 709.5 710.0 Cart
17 34.0 713.5 680.5 Cart
18 34.0 723.5 651.5 Cart
19 34.0 731.5 622.5 Cart
20 34.0 739.5 593.5 Cart
21 34.0 750.0 564.5 Cart
22 34.0 754.0 514.5 Cart
23 34.0 760.0 469.0 Cart
24 34.0 766.0 423.5 Cart
25 34.0 770.0 377.5 Cart
26 34.0 778.0 332.0 Cart
27 34.0 788.0 290.5 Cart
28 34.0 796.0 248.5 Cart
29 34.0 804.0 207.5 Cart
37 34.0 802.0 205.5 Cart
38 34.0 792.0 286.5 Cart
39 34.0 784.0 365.5 Cart
40 34.0 776.0 448.5 Cart
41 34.0 768.0 529.5 Cart
42 34.0 760.0 608.0 Cart
43 34.0 750.0 689.0 Cart
44 34.0 741.5 768.0 Cart
45 34.0 733.5 851.0 Cart
0 35.0 356.5 352.5 Pedestrian
1 35.0 356.5 352.5 Pedestrian
2 35.0 356.5 352.5 Pedestrian
3 35.0 356.5 352.5 Pedestrian
4 35.0 356.5 352.5 Pedestrian
5 35.0 356.5 352.5 Pedestrian
6 35.0 356.5 352.5 Pedestrian
7 35.0 352.5 352.5 Pedestrian
8 35.0 328.0 357.0 Pedestrian
9 35.0 302.0 365.0 Pedestrian
10 35.0 278.0 373.5 Pedestrian
11 35.0 251.5 377.5 Pedestrian
12 35.0 227.5 386.0 Pedestrian
13 35.0 201.0 390.0 Pedestrian
14 35.0 177.0 398.5 Pedestrian
35 35.0 148.0 373.5 Pedestrian
36 35.0 169.0 369.0 Pedestrian
37 35.0 189.0 369.0 Pedestrian
38 35.0 209.0 365.0 Pedestrian
39 35.0 230.5 365.0 Pedestrian
40 35.0 250.5 361.0 Pedestrian
41 35.0 272.0 361.0 Pedestrian
42 35.0 292.0 357.0 Pedestrian
43 35.0 313.0 357.0 Pedestrian
44 35.0 333.0 352.5 Pedestrian
45 35.0 353.5 352.5 Pedestrian
27 36.0 155.0 726.5 Biker
28 36.0 171.0 726.5 Biker
29 36.0 189.0 730.5 Biker
30 36.0 205.0 730.5 Biker
31 36.0 221.5 730.5 Biker
32 36.0 237.5 730.5 Biker
33 36.0 253.5 730.5 Biker
34 36.0 270.0 730.5 Biker
35 36.0 286.0 730.5 Biker
36 36.0 302.0 730.5 Biker
37 36.0 318.0 730.5 Biker
38 36.0 334.0 734.5 Biker
39 36.0 348.5 734.5 Biker
40 36.0 362.5 738.5 Biker
41 36.0 376.5 743.5 Biker
42 36.0 391.0 743.5 Biker
43 36.0 399.0 730.5 Biker
44 36.0 405.0 718.5 Biker
45 36.0 413.0 705.5 Biker
44 37.0 157.0 751.0 Biker
45 37.0 183.0 751.0 Biker
0 38.0 355.5 753.5 Biker
1 38.0 364.5 753.5 Biker
2 38.0 374.5 753.5 Biker
3 38.0 384.5 753.5 Biker
4 38.0 395.0 753.5 Biker
5 38.0 405.0 753.5 Biker
6 38.0 415.0 753.5 Biker
7 38.0 425.0 753.5 Biker
8 38.0 435.0 753.5 Biker
9 38.0 445.0 753.5 Biker
10 38.0 455.5 753.5 Biker
11 38.0 465.5 753.5 Biker
12 38.0 475.5 753.5 Biker
13 38.0 481.5 761.5 Biker
14 38.0 485.5 770.5 Biker
15 38.0 491.5 782.5 Biker
16 38.0 495.5 795.0 Biker
17 38.0 501.5 807.5 Biker
18 38.0 505.5 815.5 Biker
19 38.0 511.5 828.5 Biker
20 38.0 511.5 844.5 Biker
21 38.0 514.0 857.5 Biker
22 38.0 514.0 869.5 Biker
23 38.0 514.0 886.5 Biker
24 38.0 516.0 898.5 Biker
25 38.0 516.0 915.5 Biker
26 38.0 518.0 927.5 Biker
27 38.0 518.0 940.5 Biker
28 38.0 520.0 957.5 Biker
29 38.0 520.0 971.5 Biker
30 38.0 522.0 986.5 Biker
31 38.0 522.0 1000.5 Biker
32 38.0 524.0 1017.5 Biker
33 38.0 524.0 1029.5 Biker
34 38.0 534.0 1054.5 Biker
35 38.0 548.0 1079.5 Biker
36 38.0 562.0 1108.5 Biker
37 38.0 576.5 1133.5 Biker
38 38.0 588.5 1142.0 Biker
39 38.0 602.5 1146.0 Biker
40 38.0 618.5 1154.5 Biker
41 38.0 641.0 1154.5 Biker
42 38.0 665.0 1154.5 Biker
43 38.0 687.0 1154.5 Biker
44 38.0 709.5 1154.5 Biker
45 38.0 713.5 1158.5 Biker
15 39.0 169.0 1052.5 Biker
16 39.0 209.0 1052.5 Biker
17 39.0 245.5 1052.5 Biker
18 39.0 280.0 1057.0 Biker
19 39.0 316.0 1061.0 Biker
20 39.0 350.5 1065.0 Biker
21 39.0 387.0 1069.0 Biker
22 39.0 423.0 1077.5 Biker
23 39.0 461.0 1082.0 Biker
24 39.0 497.5 1090.0 Biker
25 39.0 534.0 1098.0 Biker
26 39.0 570.0 1102.5 Biker
27 39.0 606.5 1111.0 Biker
28 39.0 643.0 1115.0 Biker
29 39.0 679.0 1119.0 Biker
30 39.0 711.5 1113.0 Biker
31 39.0 746.0 1104.5 Biker
32 39.0 778.0 1096.0 Biker
33 39.0 812.0 1086.0 Biker
34 39.0 848.5 1077.5 Biker
35 39.0 885.0 1069.5 Biker
36 39.0 921.0 1061.0 Biker
37 39.0 955.5 1052.5 Biker
38 39.0 988.0 1052.5 Biker
39 39.0 1020.0 1052.5 Biker
40 39.0 1054.0 1050.5 Biker
41 39.0 1086.5 1050.5 Biker
42 39.0 1119.0 1050.5 Biker
43 39.0 1151.0 1046.5 Biker
44 39.0 1185.0 1042.5 Biker
45 39.0 1219.5 1038.0 Biker
17 40.0 161.0 1050.5 Cart
18 40.0 199.0 1054.5 Cart
19 40.0 237.5 1063.0 Cart
20 40.0 274.0 1067.5 Cart
21 40.0 312.0 1075.5 Cart
22 40.0 350.5 1083.5 Cart
23 40.0 385.0 1092.0 Cart
24 40.0 415.0 1100.5 Cart
25 40.0 447.0 1108.5 Cart
26 40.0 477.5 1121.5 Cart
27 40.0 510.0 1129.5 Cart
28 40.0 544.0 1137.5 Cart
29 40.0 578.0 1146.0 Cart
30 40.0 612.5 1154.5 Cart
31 40.0 647.0 1158.5 Cart
32 40.0 669.0 1142.0 Cart
33 40.0 693.0 1125.5 Cart
34 40.0 715.5 1108.5 Cart
35 40.0 739.5 1092.0 Cart
36 40.0 750.0 1063.0 Cart
37 40.0 752.0 1025.5 Cart
38 40.0 754.0 984.0 Cart
39 40.0 756.0 946.5 Cart
40 40.0 758.0 909.5 Cart
41 40.0 760.0 867.5 Cart
42 40.0 756.0 834.5 Cart
43 40.0 750.0 801.5 Cart
44 40.0 744.0 768.0 Cart
45 40.0 737.5 734.5 Cart
0 41.0 166.0 1073.5 Biker
1 41.0 166.0 1073.5 Biker
2 41.0 166.0 1073.5 Biker
3 41.0 166.0 1073.5 Biker
4 41.0 166.0 1073.5 Biker
5 41.0 166.0 1073.5 Biker
6 41.0 166.0 1073.5 Biker
7 41.0 192.0 1077.5 Biker
8 41.0 232.5 1082.0 Biker
9 41.0 271.0 1090.0 Biker
10 41.0 311.0 1098.0 Biker
11 41.0 349.5 1102.5 Biker
12 41.0 390.0 1111.0 Biker
13 41.0 428.0 1119.0 Biker
14 41.0 466.5 1127.5 Biker
15 41.0 504.5 1140.0 Biker
16 41.0 542.0 1148.0 Biker
17 41.0 580.5 1160.5 Biker
18 41.0 618.5 1169.0 Biker
19 41.0 655.0 1177.0 Biker
20 41.0 685.0 1165.0 Biker
21 41.0 715.5 1152.0 Biker
22 41.0 745.5 1136.0 Biker
23 41.0 776.0 1123.0 Biker
24 41.0 806.0 1111.0 Biker
25 41.0 836.5 1094.0 Biker
26 41.0 860.5 1082.0 Biker
27 41.0 885.0 1069.0 Biker
28 41.0 909.0 1052.5 Biker
29 41.0 935.0 1040.0 Biker
30 41.0 959.5 1028.0 Biker
31 41.0 989.5 1019.5 Biker
32 41.0 1028.0 1019.5 Biker
33 41.0 1068.5 1019.5 Biker
34 41.0 1106.5 1019.5 Biker
35 41.0 1147.0 1019.5 Biker
36 41.0 1185.5 1019.5 Biker
37 41.0 1225.5 1019.5 Biker
38 41.0 1266.0 1019.5 Biker
43 41.0 1215.5 1032.0 Biker
44 41.0 715.5 1052.5 Biker
45 41.0 214.5 1069.0 Biker
0 42.0 548.0 226.0 Biker
1 42.0 548.0 226.0 Biker
2 42.0 548.0 226.0 Biker
3 42.0 548.0 226.0 Biker
4 42.0 548.0 226.0 Biker
5 42.0 548.0 226.0 Biker
6 42.0 548.0 226.0 Biker
7 42.0 548.0 226.0 Biker
8 42.0 548.0 226.0 Biker
9 42.0 548.0 226.0 Biker
10 42.0 548.0 226.0 Biker
11 42.0 548.0 226.0 Biker
12 42.0 548.0 226.0 Biker
13 42.0 548.0 226.0 Biker
14 42.0 548.0 226.0 Biker
15 42.0 548.0 226.0 Biker
16 42.0 548.0 226.0 Biker
17 42.0 548.0 226.0 Biker
18 42.0 548.0 226.0 Biker
19 42.0 548.0 226.0 Biker
20 42.0 548.0 226.0 Biker
21 42.0 548.0 226.0 Biker
22 42.0 548.0 226.0 Biker
23 42.0 548.0 226.0 Biker
24 42.0 548.0 226.0 Biker
25 42.0 548.0 226.0 Biker
26 42.0 548.0 226.0 Biker
27 42.0 548.0 226.0 Biker
28 42.0 548.0 226.0 Biker
29 42.0 548.0 226.0 Biker
30 42.0 548.0 226.0 Biker
31 42.0 548.0 226.0 Biker
32 42.0 548.0 226.0 Biker
33 42.0 548.0 226.0 Biker
34 42.0 548.0 226.0 Biker
35 42.0 548.0 226.0 Biker
36 42.0 548.0 259.0 Biker
37 42.0 548.0 292.5 Biker
38 42.0 548.0 325.5 Biker
39 42.0 544.0 355.0 Biker
40 42.0 536.0 384.0 Biker
41 42.0 530.0 409.0 Biker
42 42.0 524.0 433.5 Biker
43 42.0 518.0 456.5 Biker
44 42.0 515.0 489.5 Biker
45 42.0 512.0 523.0 Biker
0 43.0 572.0 340.0 Biker
1 43.0 572.0 340.0 Biker
2 43.0 572.0 340.0 Biker
3 43.0 572.0 340.0 Biker
4 43.0 572.0 340.0 Biker
5 43.0 572.0 340.0 Biker
6 43.0 572.0 340.0 Biker
7 43.0 572.0 340.0 Biker
8 43.0 572.0 340.0 Biker
9 43.0 572.0 340.0 Biker
10 43.0 572.0 340.0 Biker
11 43.0 572.0 340.0 Biker
12 43.0 572.0 340.0 Biker
13 43.0 572.0 340.0 Biker
14 43.0 572.0 340.0 Biker
15 43.0 572.0 340.0 Biker
16 43.0 572.0 340.0 Biker
17 43.0 572.0 340.0 Biker
18 43.0 572.0 340.0 Biker
19 43.0 572.0 340.0 Biker
20 43.0 572.0 340.0 Biker
21 43.0 572.0 340.0 Biker
22 43.0 572.0 340.0 Biker
23 43.0 572.0 340.0 Biker
24 43.0 572.0 340.0 Biker
25 43.0 572.0 340.0 Biker
26 43.0 572.0 340.0 Biker
27 43.0 572.0 340.0 Biker
28 43.0 572.0 340.0 Biker
29 43.0 572.0 340.0 Biker
30 43.0 572.0 340.0 Biker
31 43.0 572.0 340.0 Biker
32 43.0 572.0 340.0 Biker
33 43.0 572.0 340.0 Biker
34 43.0 572.0 340.0 Biker
35 43.0 570.0 340.0 Biker
36 43.0 568.0 357.0 Biker
37 43.0 564.0 378.0 Biker
38 43.0 560.0 394.0 Biker
39 43.0 562.0 415.0 Biker
40 43.0 566.0 444.0 Biker
41 43.0 568.0 473.0 Biker
42 43.0 564.0 510.0 Biker
43 43.0 558.0 548.0 Biker
44 43.0 556.0 577.0 Biker
45 43.0 552.0 606.0 Biker
0 44.0 572.0 481.5 Biker
1 44.0 572.0 481.5 Biker
2 44.0 572.0 481.5 Biker
3 44.0 572.0 481.5 Biker
4 44.0 572.0 481.5 Biker
5 44.0 572.0 481.5 Biker
6 44.0 572.0 481.5 Biker
7 44.0 572.0 481.5 Biker
8 44.0 572.0 481.5 Biker
9 44.0 572.0 481.5 Biker
10 44.0 572.0 481.5 Biker
11 44.0 572.0 481.5 Biker
12 44.0 572.0 481.5 Biker
13 44.0 572.0 481.5 Biker
14 44.0 572.0 481.5 Biker
15 44.0 572.0 481.5 Biker
16 44.0 572.0 481.5 Biker
17 44.0 572.0 481.5 Biker
18 44.0 572.0 481.5 Biker
19 44.0 572.0 481.5 Biker
20 44.0 572.0 481.5 Biker
21 44.0 572.0 481.5 Biker
22 44.0 572.0 481.5 Biker
23 44.0 572.0 481.5 Biker
24 44.0 572.0 481.5 Biker
25 44.0 572.0 481.5 Biker
26 44.0 572.0 481.5 Biker
27 44.0 572.0 481.5 Biker
28 44.0 572.0 481.5 Biker
29 44.0 572.0 481.5 Biker
30 44.0 572.0 481.5 Biker
31 44.0 572.0 481.5 Biker
32 44.0 572.0 481.5 Biker
33 44.0 572.0 481.5 Biker
34 44.0 572.0 481.5 Biker
35 44.0 570.0 481.5 Biker
36 44.0 564.0 514.5 Biker
37 44.0 558.0 543.5 Biker
38 44.0 552.0 577.0 Biker
39 44.0 544.0 601.5 Biker
40 44.0 538.0 631.0 Biker
41 44.0 532.0 660.0 Biker
42 44.0 528.0 697.5 Biker
43 44.0 524.0 730.5 Biker
44 44.0 522.0 759.5 Biker
45 44.0 522.0 788.5 Biker
0 45.0 451.0 452.0 Pedestrian
1 45.0 451.0 452.0 Pedestrian
2 45.0 451.0 452.0 Pedestrian
3 45.0 451.0 452.0 Pedestrian
4 45.0 451.0 452.0 Pedestrian
5 45.0 451.0 452.0 Pedestrian
6 45.0 451.0 452.0 Pedestrian
7 45.0 451.0 452.0 Pedestrian
8 45.0 451.0 452.0 Pedestrian
9 45.0 451.0 452.0 Pedestrian
10 45.0 451.0 452.0 Pedestrian
11 45.0 451.0 452.0 Pedestrian
12 45.0 451.0 452.0 Pedestrian
13 45.0 451.0 452.0 Pedestrian
14 45.0 451.0 452.0 Pedestrian
15 45.0 451.0 452.0 Pedestrian
16 45.0 451.0 452.0 Pedestrian
17 45.0 451.0 452.0 Pedestrian
18 45.0 451.0 452.0 Pedestrian
19 45.0 451.0 452.0 Pedestrian
20 45.0 451.0 452.0 Pedestrian
21 45.0 451.0 452.0 Pedestrian
22 45.0 451.0 452.0 Pedestrian
23 45.0 451.0 452.0 Pedestrian
24 45.0 451.0 452.0 Pedestrian
25 45.0 451.0 452.0 Pedestrian
26 45.0 451.0 452.0 Pedestrian
27 45.0 451.0 452.0 Pedestrian
28 45.0 451.0 452.0 Pedestrian
29 45.0 451.0 452.0 Pedestrian
30 45.0 451.0 452.0 Pedestrian
31 45.0 451.0 452.0 Pedestrian
32 45.0 451.0 452.0 Pedestrian
33 45.0 451.0 452.0 Pedestrian
34 45.0 451.0 452.0 Pedestrian
35 45.0 451.0 452.0 Pedestrian
36 45.0 451.0 452.0 Pedestrian
37 45.0 451.0 452.0 Pedestrian
38 45.0 451.0 452.0 Pedestrian
39 45.0 451.0 452.0 Pedestrian
40 45.0 451.0 452.0 Pedestrian
41 45.0 451.0 452.0 Pedestrian
42 45.0 451.0 452.0 Pedestrian
43 45.0 451.0 452.0 Pedestrian
44 45.0 451.0 452.0 Pedestrian
45 45.0 451.0 452.0 Pedestrian
0 46.0 795.0 1354.0 Pedestrian
1 46.0 789.0 1349.5 Pedestrian
2 46.0 783.0 1345.5 Pedestrian
3 46.0 777.0 1345.5 Pedestrian
4 46.0 772.0 1341.5 Pedestrian
5 46.0 766.0 1337.0 Pedestrian
6 46.0 760.0 1337.0 Pedestrian
7 46.0 756.0 1333.0 Pedestrian
8 46.0 754.0 1333.0 Pedestrian
9 46.0 752.0 1329.0 Pedestrian
10 46.0 750.0 1324.5 Pedestrian
11 46.0 748.0 1320.5 Pedestrian
12 46.0 746.0 1320.5 Pedestrian
13 46.0 744.0 1316.5 Pedestrian
14 46.0 741.5 1312.0 Pedestrian
15 46.0 739.5 1312.0 Pedestrian
16 46.0 737.5 1308.0 Pedestrian
17 46.0 737.5 1300.0 Pedestrian
18 46.0 739.5 1291.5 Pedestrian
19 46.0 741.5 1283.0 Pedestrian
20 46.0 746.0 1275.0 Pedestrian
21 46.0 748.0 1266.5 Pedestrian
22 46.0 750.0 1258.0 Pedestrian
23 46.0 754.0 1246.0 Pedestrian
24 46.0 756.0 1237.5 Pedestrian
25 46.0 760.0 1229.0 Pedestrian
26 46.0 764.0 1216.5 Pedestrian
27 46.0 770.0 1208.5 Pedestrian
28 46.0 780.0 1204.0 Pedestrian
29 46.0 788.0 1200.0 Pedestrian
30 46.0 798.0 1192.0 Pedestrian
31 46.0 802.0 1192.0 Pedestrian
32 46.0 808.0 1187.5 Pedestrian
33 46.0 814.0 1183.5 Pedestrian
34 46.0 818.0 1179.5 Pedestrian
35 46.0 824.0 1175.0 Pedestrian
36 46.0 830.5 1171.0 Pedestrian
37 46.0 834.5 1167.0 Pedestrian
38 46.0 840.5 1162.5 Pedestrian
39 46.0 844.5 1158.5 Pedestrian
40 46.0 846.5 1162.5 Pedestrian
41 46.0 828.5 1196.0 Pedestrian
42 46.0 810.0 1229.0 Pedestrian
43 46.0 794.0 1262.5 Pedestrian
44 46.0 776.0 1300.0 Pedestrian
45 46.0 758.0 1333.0 Pedestrian
16 47.0 653.0 1750.5 Biker
17 47.0 653.0 1717.5 Biker
18 47.0 653.0 1680.0 Biker
19 47.0 653.0 1646.5 Biker
20 47.0 653.0 1621.5 Biker
21 47.0 653.0 1596.5 Biker
22 47.0 653.0 1576.0 Biker
23 47.0 653.0 1551.0 Biker
24 47.0 653.0 1526.0 Biker
25 47.0 653.0 1505.5 Biker
26 47.0 655.0 1480.5 Biker
27 47.0 659.0 1455.5 Biker
28 47.0 661.0 1430.5 Biker
29 47.0 669.0 1410.0 Biker
30 47.0 677.0 1393.5 Biker
31 47.0 685.0 1376.5 Biker
32 47.0 691.0 1360.0 Biker
33 47.0 699.0 1343.5 Biker
34 47.0 709.5 1326.5 Biker
35 47.0 720.5 1308.5 Biker
36 47.0 731.5 1291.5 Biker
37 47.0 744.0 1270.5 Biker
38 47.0 756.0 1250.0 Biker
39 47.0 768.0 1229.0 Biker
40 47.0 780.0 1208.5 Biker
41 47.0 790.0 1191.5 Biker
42 47.0 802.0 1175.0 Biker
43 47.0 810.0 1162.5 Biker
44 47.0 816.0 1154.5 Biker
45 47.0 820.0 1146.0 Biker
14 48.0 630.0 1727.5 Biker
15 48.0 628.0 1698.5 Biker
16 48.0 626.0 1669.5 Biker
17 48.0 624.0 1640.5 Biker
18 48.0 622.0 1611.5 Biker
19 48.0 619.5 1582.5 Biker
20 48.0 619.5 1553.5 Biker
21 48.0 623.0 1528.5 Biker
22 48.0 627.0 1499.5 Biker
23 48.0 630.0 1470.0 Biker
24 48.0 633.0 1445.5 Biker
25 48.0 639.0 1424.5 Biker
26 48.0 645.0 1403.5 Biker
27 48.0 649.0 1387.0 Biker
28 48.0 655.0 1366.5 Biker
29 48.0 661.0 1345.5 Biker
30 48.0 669.0 1328.5 Biker
31 48.0 675.0 1312.5 Biker
32 48.0 683.0 1295.5 Biker
33 48.0 693.0 1279.0 Biker
34 48.0 703.0 1262.5 Biker
35 48.0 713.5 1245.5 Biker
36 48.0 725.5 1229.5 Biker
37 48.0 735.5 1212.5 Biker
38 48.0 746.0 1200.0 Biker
39 48.0 758.0 1187.5 Biker
40 48.0 766.0 1166.5 Biker
41 48.0 774.0 1150.5 Biker
42 48.0 782.0 1133.5 Biker
43 48.0 790.0 1125.5 Biker
44 48.0 798.0 1117.0 Biker
45 48.0 804.0 1112.5 Biker
0 49.0 671.0 1677.5 Biker
1 49.0 671.0 1677.5 Biker
2 49.0 671.0 1677.5 Biker
3 49.0 671.0 1677.5 Biker
4 49.0 671.0 1677.5 Biker
5 49.0 671.0 1677.5 Biker
6 49.0 671.0 1677.5 Biker
7 49.0 671.0 1677.5 Biker
8 49.0 671.0 1677.5 Biker
9 49.0 671.0 1677.5 Biker
10 49.0 671.0 1677.5 Biker
11 49.0 671.0 1677.5 Biker
12 49.0 667.0 1653.0 Biker
13 49.0 665.0 1619.5 Biker
14 49.0 661.0 1582.5 Biker
15 49.0 661.0 1553.0 Biker
16 49.0 661.0 1528.5 Biker
17 49.0 661.0 1507.5 Biker
18 49.0 661.0 1482.5 Biker
19 49.0 661.0 1457.5 Biker
20 49.0 661.0 1432.5 Biker
21 49.0 661.0 1407.5 Biker
22 49.0 667.0 1391.0 Biker
23 49.0 673.0 1378.5 Biker
24 49.0 679.0 1362.0 Biker
25 49.0 685.0 1345.5 Biker
26 49.0 691.0 1333.0 Biker
27 49.0 697.0 1316.5 Biker
28 49.0 705.5 1304.0 Biker
29 49.0 715.5 1287.5 Biker
30 49.0 727.5 1270.5 Biker
31 49.0 739.5 1254.0 Biker
32 49.0 752.0 1237.5 Biker
33 49.0 764.0 1221.0 Biker
34 49.0 774.0 1204.5 Biker
35 49.0 784.0 1187.5 Biker
36 49.0 792.0 1167.0 Biker
37 49.0 800.0 1150.5 Biker
38 49.0 808.0 1129.5 Biker
39 49.0 816.0 1113.0 Biker
40 49.0 826.5 1092.0 Biker
41 49.0 836.5 1067.0 Biker
42 49.0 846.5 1046.5 Biker
43 49.0 840.5 1009.0 Biker
44 49.0 828.5 967.5 Biker
45 49.0 822.0 942.5 Biker
0 51.0 649.0 1730.0 Biker
1 51.0 649.0 1730.0 Biker
2 51.0 649.0 1730.0 Biker
3 51.0 649.0 1730.0 Biker
4 51.0 649.0 1730.0 Biker
5 51.0 649.0 1730.0 Biker
6 51.0 649.0 1730.0 Biker
7 51.0 649.0 1730.0 Biker
8 51.0 649.0 1730.0 Biker
9 51.0 649.0 1730.0 Biker
10 51.0 649.0 1730.0 Biker
11 51.0 649.0 1730.0 Biker
12 51.0 647.0 1709.0 Biker
13 51.0 643.0 1676.0 Biker
14 51.0 641.0 1646.5 Biker
15 51.0 641.0 1613.5 Biker
16 51.0 641.0 1580.0 Biker
17 51.0 641.0 1549.0 Biker
18 51.0 637.0 1520.0 Biker
19 51.0 635.0 1491.0 Biker
20 51.0 633.0 1466.0 Biker
21 51.0 633.0 1445.0 Biker
22 51.0 633.0 1424.5 Biker
23 51.0 633.0 1403.5 Biker
24 51.0 635.0 1383.0 Biker
25 51.0 637.0 1362.0 Biker
26 51.0 641.0 1341.5 Biker
27 51.0 643.0 1320.5 Biker
28 51.0 659.0 1291.5 Biker
29 51.0 675.0 1262.5 Biker
30 51.0 687.0 1250.0 Biker
31 51.0 699.0 1237.5 Biker
32 51.0 709.5 1229.0 Biker
33 51.0 723.5 1216.5 Biker
34 51.0 739.5 1196.0 Biker
35 51.0 754.0 1175.0 Biker
36 51.0 770.0 1158.5 Biker
37 51.0 786.0 1138.0 Biker
38 51.0 788.0 1129.5 Biker
39 51.0 792.0 1117.0 Biker
40 51.0 800.0 1104.5 Biker
41 51.0 812.0 1092.0 Biker
42 51.0 822.0 1079.5 Biker
43 51.0 834.5 1071.5 Biker
44 51.0 846.5 1063.0 Biker
45 51.0 860.5 1059.0 Biker
0 52.0 1183.0 1121.5 Pedestrian
1 52.0 1183.0 1121.5 Pedestrian
2 52.0 1183.0 1121.5 Pedestrian
3 52.0 1183.0 1121.5 Pedestrian
4 52.0 1183.0 1121.5 Pedestrian
5 52.0 1183.0 1121.5 Pedestrian
6 52.0 1183.0 1121.5 Pedestrian
7 52.0 1183.0 1121.5 Pedestrian
8 52.0 1183.0 1121.5 Pedestrian
9 52.0 1183.0 1121.5 Pedestrian
10 52.0 1183.0 1121.5 Pedestrian
11 52.0 1183.0 1121.5 Pedestrian
12 52.0 1183.0 1121.5 Pedestrian
13 52.0 1183.0 1121.5 Pedestrian
14 52.0 1183.0 1121.5 Pedestrian
15 52.0 1183.0 1121.5 Pedestrian
16 52.0 1183.0 1121.5 Pedestrian
17 52.0 1183.0 1121.5 Pedestrian
18 52.0 1183.0 1121.5 Pedestrian
19 52.0 1183.0 1121.5 Pedestrian
20 52.0 1183.0 1121.5 Pedestrian
21 52.0 1183.0 1121.5 Pedestrian
22 52.0 1187.0 1121.5 Pedestrian
23 52.0 1197.5 1125.5 Pedestrian
24 52.0 1207.5 1125.5 Pedestrian
25 52.0 1221.5 1117.0 Pedestrian
26 52.0 1236.0 1108.5 Pedestrian
27 52.0 1250.0 1108.5 Pedestrian
28 52.0 1264.0 1108.5 Pedestrian
29 52.0 1278.0 1108.5 Pedestrian
30 52.0 1284.0 1108.5 Pedestrian
31 52.0 1284.0 1108.5 Pedestrian
32 52.0 1284.0 1108.5 Pedestrian
33 52.0 1284.0 1108.5 Pedestrian
34 52.0 1284.0 1108.5 Pedestrian
35 52.0 1284.0 1108.5 Pedestrian
36 52.0 1284.0 1108.5 Pedestrian
37 52.0 1284.0 1108.5 Pedestrian
38 52.0 1284.0 1108.5 Pedestrian
39 52.0 1284.0 1108.5 Pedestrian
40 52.0 1284.0 1108.5 Pedestrian
41 52.0 1284.0 1108.5 Pedestrian
42 52.0 1284.0 1108.5 Pedestrian
43 52.0 1284.0 1108.5 Pedestrian
44 52.0 1284.0 1108.5 Pedestrian
45 52.0 1284.0 1108.5 Pedestrian
18 53.0 157.0 1090.0 Biker
19 53.0 185.0 1086.0 Biker
20 53.0 213.5 1082.0 Biker
21 53.0 241.5 1077.5 Biker
22 53.0 269.5 1077.5 Biker
23 53.0 304.0 1086.0 Biker
24 53.0 334.5 1094.0 Biker
25 53.0 362.5 1100.0 Biker
26 53.0 388.5 1109.0 Biker
27 53.0 421.0 1117.0 Biker
28 53.0 453.5 1129.5 Biker
29 53.0 487.5 1142.0 Biker
30 53.0 501.5 1154.0 Biker
31 53.0 522.0 1163.0 Biker
32 53.0 548.0 1163.0 Biker
33 53.0 574.5 1167.0 Biker
34 53.0 600.5 1175.0 Biker
35 53.0 624.5 1183.5 Biker
36 53.0 649.0 1175.0 Biker
37 53.0 673.0 1171.0 Biker
38 53.0 693.0 1163.0 Biker
39 53.0 709.5 1150.0 Biker
40 53.0 727.5 1142.0 Biker
41 53.0 745.5 1125.0 Biker
42 53.0 763.0 1104.5 Biker
43 53.0 777.0 1088.0 Biker
44 53.0 791.0 1075.5 Biker
45 53.0 803.0 1063.0 Biker
0 54.0 1224.0 1123.0 Pedestrian
1 54.0 1224.0 1123.0 Pedestrian
2 54.0 1224.0 1123.0 Pedestrian
3 54.0 1224.0 1123.0 Pedestrian
4 54.0 1224.0 1123.0 Pedestrian
5 54.0 1224.0 1123.0 Pedestrian
6 54.0 1224.0 1123.0 Pedestrian
7 54.0 1224.0 1123.0 Pedestrian
8 54.0 1224.0 1123.0 Pedestrian
9 54.0 1224.0 1123.0 Pedestrian
10 54.0 1224.0 1123.0 Pedestrian
11 54.0 1224.0 1123.0 Pedestrian
12 54.0 1224.0 1123.0 Pedestrian
13 54.0 1224.0 1123.0 Pedestrian
14 54.0 1224.0 1123.0 Pedestrian
15 54.0 1224.0 1123.0 Pedestrian
16 54.0 1224.0 1123.0 Pedestrian
17 54.0 1224.0 1123.0 Pedestrian
18 54.0 1224.0 1123.0 Pedestrian
19 54.0 1224.0 1123.0 Pedestrian
20 54.0 1224.0 1123.0 Pedestrian
21 54.0 1224.0 1123.0 Pedestrian
22 54.0 1224.0 1123.0 Pedestrian
23 54.0 1224.0 1123.0 Pedestrian
24 54.0 1224.0 1123.0 Pedestrian
25 54.0 1224.0 1123.0 Pedestrian
26 54.0 1224.0 1123.0 Pedestrian
27 54.0 1224.0 1123.0 Pedestrian
28 54.0 1224.0 1123.0 Pedestrian
29 54.0 1224.0 1123.0 Pedestrian
30 54.0 1224.0 1123.0 Pedestrian
31 54.0 1224.0 1123.0 Pedestrian
32 54.0 1224.0 1123.0 Pedestrian
33 54.0 1224.0 1123.0 Pedestrian
34 54.0 1224.0 1123.0 Pedestrian
35 54.0 1224.0 1123.0 Pedestrian
36 54.0 1224.0 1123.0 Pedestrian
37 54.0 1224.0 1123.0 Pedestrian
38 54.0 1224.0 1123.0 Pedestrian
39 54.0 1224.0 1123.0 Pedestrian
40 54.0 1224.0 1123.0 Pedestrian
41 54.0 1224.0 1123.0 Pedestrian
42 54.0 1224.0 1123.0 Pedestrian
43 54.0 1224.0 1123.0 Pedestrian
44 54.0 1234.0 1123.0 Pedestrian
45 54.0 1240.0 1123.0 Pedestrian
0 55.0 1221.5 1169.0 Pedestrian
1 55.0 1219.5 1165.0 Pedestrian
2 55.0 1219.5 1165.0 Pedestrian
3 55.0 1219.5 1165.0 Pedestrian
4 55.0 1217.5 1165.0 Pedestrian
5 55.0 1217.5 1165.0 Pedestrian
6 55.0 1217.5 1165.0 Pedestrian
7 55.0 1217.5 1165.0 Pedestrian
8 55.0 1215.5 1165.0 Pedestrian
9 55.0 1215.5 1165.0 Pedestrian
10 55.0 1215.5 1165.0 Pedestrian
11 55.0 1213.5 1165.0 Pedestrian
12 55.0 1213.5 1165.0 Pedestrian
13 55.0 1213.5 1165.0 Pedestrian
14 55.0 1213.5 1165.0 Pedestrian
15 55.0 1211.5 1163.0 Pedestrian
16 55.0 1211.5 1163.0 Pedestrian
17 55.0 1211.5 1163.0 Pedestrian
18 55.0 1211.5 1163.0 Pedestrian
19 55.0 1209.5 1163.0 Pedestrian
20 55.0 1209.5 1163.0 Pedestrian
21 55.0 1209.5 1163.0 Pedestrian
22 55.0 1207.5 1161.0 Pedestrian
23 55.0 1207.5 1161.0 Pedestrian
24 55.0 1207.5 1161.0 Pedestrian
25 55.0 1207.5 1161.0 Pedestrian
26 55.0 1205.5 1161.0 Pedestrian
27 55.0 1205.5 1161.0 Pedestrian
28 55.0 1205.5 1161.0 Pedestrian
29 55.0 1203.5 1158.5 Pedestrian
30 55.0 1203.5 1158.5 Pedestrian
31 55.0 1203.5 1158.5 Pedestrian
32 55.0 1203.5 1158.5 Pedestrian
33 55.0 1201.5 1158.5 Pedestrian
34 55.0 1201.5 1158.5 Pedestrian
35 55.0 1201.5 1158.5 Pedestrian
36 55.0 1201.5 1158.5 Pedestrian
37 55.0 1199.5 1158.5 Pedestrian
38 55.0 1199.5 1158.5 Pedestrian
39 55.0 1199.5 1158.5 Pedestrian
40 55.0 1197.5 1158.5 Pedestrian
41 55.0 1197.5 1158.5 Pedestrian
42 55.0 1197.5 1158.5 Pedestrian
43 55.0 1197.5 1158.5 Pedestrian
44 55.0 1175.0 1158.5 Pedestrian
45 55.0 1175.0 1158.5 Pedestrian
0 56.0 798.0 356.5 Biker
1 56.0 796.0 356.5 Biker
2 56.0 796.0 356.5 Biker
3 56.0 796.0 356.5 Biker
4 56.0 796.0 356.5 Biker
5 56.0 796.0 356.5 Biker
6 56.0 796.0 356.5 Biker
7 56.0 795.0 356.5 Biker
8 56.0 795.0 356.5 Biker
9 56.0 795.0 356.5 Biker
10 56.0 795.0 356.5 Biker
11 56.0 794.0 356.5 Biker
12 56.0 794.0 356.5 Biker
13 56.0 794.0 356.5 Biker
14 56.0 793.0 356.5 Biker
15 56.0 793.0 356.5 Biker
16 56.0 793.0 356.5 Biker
17 56.0 793.0 356.5 Biker
18 56.0 793.0 356.5 Biker
19 56.0 793.0 356.5 Biker
20 56.0 793.0 356.5 Biker
21 56.0 791.0 356.5 Biker
22 56.0 791.0 356.5 Biker
23 56.0 791.0 356.5 Biker
24 56.0 791.0 356.5 Biker
25 56.0 791.0 356.5 Biker
26 56.0 791.0 356.5 Biker
27 56.0 790.0 356.5 Biker
28 56.0 790.0 356.5 Biker
29 56.0 790.0 356.5 Biker
30 56.0 790.0 356.5 Biker
31 56.0 789.0 356.5 Biker
32 56.0 789.0 356.5 Biker
33 56.0 789.0 356.5 Biker
34 56.0 788.0 356.5 Biker
35 56.0 788.0 356.5 Biker
36 56.0 788.0 356.5 Biker
37 56.0 788.0 356.5 Biker
38 56.0 788.0 356.5 Biker
39 56.0 788.0 356.5 Biker
40 56.0 788.0 356.5 Biker
41 56.0 788.0 336.0 Biker
42 56.0 788.0 307.0 Biker
43 56.0 788.0 273.5 Biker
44 56.0 788.0 244.5 Biker
45 56.0 788.0 219.5 Biker
0 57.0 471.5 1121.0 Cart
1 57.0 471.5 1121.0 Cart
2 57.0 471.5 1121.0 Cart
3 57.0 471.5 1121.0 Cart
4 57.0 471.5 1121.0 Cart
5 57.0 471.5 1121.0 Cart
6 57.0 471.5 1121.0 Cart
7 57.0 471.5 1121.0 Cart
8 57.0 471.5 1121.0 Cart
9 57.0 471.5 1121.0 Cart
10 57.0 471.5 1121.0 Cart
11 57.0 471.5 1121.0 Cart
12 57.0 471.5 1121.0 Cart
13 57.0 471.5 1121.0 Cart
14 57.0 471.5 1121.0 Cart
15 57.0 471.5 1121.0 Cart
16 57.0 471.5 1121.0 Cart
17 57.0 471.5 1121.0 Cart
18 57.0 471.5 1121.0 Cart
19 57.0 471.5 1121.0 Cart
20 57.0 471.5 1121.0 Cart
21 57.0 471.5 1121.0 Cart
22 57.0 471.5 1121.0 Cart
23 57.0 471.5 1121.0 Cart
24 57.0 471.5 1121.0 Cart
25 57.0 471.5 1121.0 Cart
26 57.0 471.5 1121.0 Cart
27 57.0 471.5 1121.0 Cart
28 57.0 471.5 1121.0 Cart
29 57.0 471.5 1121.0 Cart
30 57.0 471.5 1121.0 Cart
31 57.0 471.5 1121.0 Cart
32 57.0 471.5 1121.0 Cart
33 57.0 471.5 1121.0 Cart
34 57.0 471.5 1121.0 Cart
35 57.0 471.5 1121.0 Cart
36 57.0 471.5 1121.0 Cart
37 57.0 471.5 1121.0 Cart
38 57.0 471.5 1121.0 Cart
39 57.0 471.5 1121.0 Cart
40 57.0 471.5 1121.0 Cart
41 57.0 471.5 1121.0 Cart
42 57.0 471.5 1121.0 Cart
43 57.0 471.5 1121.0 Cart
44 57.0 471.5 1121.0 Cart
45 57.0 471.5 1121.0 Cart
0 58.0 473.5 1141.5 Cart
1 58.0 473.5 1141.5 Cart
2 58.0 473.5 1141.5 Cart
3 58.0 473.5 1141.5 Cart
4 58.0 473.5 1141.5 Cart
5 58.0 473.5 1141.5 Cart
6 58.0 473.5 1141.5 Cart
7 58.0 473.5 1141.5 Cart
8 58.0 473.5 1141.5 Cart
9 58.0 473.5 1141.5 Cart
10 58.0 473.5 1141.5 Cart
11 58.0 473.5 1141.5 Cart
12 58.0 473.5 1141.5 Cart
13 58.0 473.5 1141.5 Cart
14 58.0 473.5 1141.5 Cart
15 58.0 473.5 1141.5 Cart
16 58.0 473.5 1141.5 Cart
17 58.0 473.5 1141.5 Cart
18 58.0 473.5 1141.5 Cart
19 58.0 473.5 1141.5 Cart
20 58.0 473.5 1141.5 Cart
21 58.0 473.5 1141.5 Cart
22 58.0 473.5 1141.5 Cart
23 58.0 473.5 1141.5 Cart
24 58.0 473.5 1141.5 Cart
25 58.0 473.5 1141.5 Cart
26 58.0 473.5 1141.5 Cart
27 58.0 473.5 1141.5 Cart
28 58.0 473.5 1141.5 Cart
29 58.0 473.5 1141.5 Cart
30 58.0 473.5 1141.5 Cart
31 58.0 473.5 1141.5 Cart
32 58.0 473.5 1141.5 Cart
33 58.0 473.5 1141.5 Cart
34 58.0 473.5 1141.5 Cart
35 58.0 473.5 1141.5 Cart
36 58.0 473.5 1141.5 Cart
37 58.0 473.5 1141.5 Cart
38 58.0 473.5 1141.5 Cart
39 58.0 483.5 1146.5 Cart
40 58.0 510.0 1162.5 Cart
41 58.0 538.0 1183.5 Cart
42 58.0 558.0 1191.5 Cart
43 58.0 582.5 1204.5 Cart
44 58.0 604.5 1212.5 Cart
45 58.0 629.0 1225.0 Cart
35 59.0 144.5 1083.5 Cart
36 59.0 178.0 1081.5 Cart
37 59.0 210.5 1079.5 Cart
38 59.0 242.5 1079.5 Cart
39 59.0 276.0 1079.5 Cart
40 59.0 308.0 1079.5 Cart
41 59.0 344.5 1088.0 Cart
42 59.0 378.5 1096.5 Cart
43 59.0 413.0 1100.5 Cart
44 59.0 435.0 1104.5 Cart
45 59.0 453.5 1108.5 Cart
30 60.0 176.0 1079.5 Cart
31 60.0 204.0 1079.5 Cart
32 60.0 236.5 1079.5 Cart
33 60.0 271.0 1079.5 Cart
34 60.0 306.0 1079.5 Cart
35 60.0 340.5 1079.5 Cart
36 60.0 370.5 1083.5 Cart
37 60.0 395.0 1092.0 Cart
38 60.0 419.0 1096.5 Cart
39 60.0 443.0 1104.5 Cart
40 60.0 469.5 1104.5 Cart
41 60.0 497.5 1104.5 Cart
42 60.0 524.0 1108.5 Cart
43 60.0 546.0 1125.5 Cart
44 60.0 568.0 1137.5 Cart
45 60.0 584.5 1142.0 Cart
0 61.0 347.5 1077.5 Cart
1 61.0 347.5 1077.5 Cart
2 61.0 347.5 1077.5 Cart
3 61.0 347.5 1077.5 Cart
4 61.0 347.5 1077.5 Cart
5 61.0 347.5 1077.5 Cart
6 61.0 347.5 1077.5 Cart
7 61.0 347.5 1077.5 Cart
8 61.0 347.5 1077.5 Cart
9 61.0 347.5 1077.5 Cart
10 61.0 347.5 1077.5 Cart
11 61.0 347.5 1077.5 Cart
12 61.0 347.5 1077.5 Cart
13 61.0 347.5 1077.5 Cart
14 61.0 347.5 1077.5 Cart
15 61.0 347.5 1077.5 Cart
16 61.0 347.5 1077.5 Cart
17 61.0 347.5 1077.5 Cart
18 61.0 347.5 1077.5 Cart
19 61.0 347.5 1077.5 Cart
20 61.0 347.5 1077.5 Cart
21 61.0 347.5 1077.5 Cart
22 61.0 347.5 1077.5 Cart
23 61.0 347.5 1077.5 Cart
24 61.0 347.5 1077.5 Cart
25 61.0 347.5 1077.5 Cart
26 61.0 347.5 1077.5 Cart
27 61.0 347.5 1077.5 Cart
28 61.0 347.5 1077.5 Cart
29 61.0 347.5 1077.5 Cart
30 61.0 347.5 1077.5 Cart
31 61.0 347.5 1077.5 Cart
32 61.0 347.5 1077.5 Cart
33 61.0 347.5 1077.5 Cart
34 61.0 347.5 1077.5 Cart
35 61.0 347.5 1077.5 Cart
36 61.0 347.5 1077.5 Cart
37 61.0 347.5 1077.5 Cart
38 61.0 347.5 1077.5 Cart
39 61.0 347.5 1077.5 Cart
40 61.0 347.5 1077.5 Cart
41 61.0 347.5 1077.5 Cart
42 61.0 347.5 1077.5 Cart
43 61.0 347.5 1077.5 Cart
44 61.0 347.5 1077.5 Cart
45 61.0 347.5 1077.5 Cart
0 62.0 637.0 1420.0 Pedestrian
1 62.0 637.0 1420.0 Pedestrian
2 62.0 637.0 1420.0 Pedestrian
3 62.0 637.0 1420.0 Pedestrian
4 62.0 637.0 1420.0 Pedestrian
5 62.0 637.0 1420.0 Pedestrian
6 62.0 637.0 1420.0 Pedestrian
7 62.0 637.0 1420.0 Pedestrian
8 62.0 637.0 1420.0 Pedestrian
9 62.0 637.0 1420.0 Pedestrian
10 62.0 637.0 1420.0 Pedestrian
11 62.0 637.0 1420.0 Pedestrian
12 62.0 637.0 1420.0 Pedestrian
13 62.0 637.0 1420.0 Pedestrian
14 62.0 637.0 1420.0 Pedestrian
15 62.0 637.0 1420.0 Pedestrian
16 62.0 637.0 1420.0 Pedestrian
17 62.0 637.0 1420.0 Pedestrian
18 62.0 637.0 1420.0 Pedestrian
19 62.0 637.0 1420.0 Pedestrian
20 62.0 637.0 1420.0 Pedestrian
21 62.0 637.0 1420.0 Pedestrian
22 62.0 637.0 1420.0 Pedestrian
23 62.0 637.0 1420.0 Pedestrian
24 62.0 637.0 1420.0 Pedestrian
25 62.0 637.0 1420.0 Pedestrian
26 62.0 637.0 1420.0 Pedestrian
27 62.0 637.0 1420.0 Pedestrian
28 62.0 637.0 1420.0 Pedestrian
29 62.0 637.0 1420.0 Pedestrian
30 62.0 637.0 1420.0 Pedestrian
31 62.0 637.0 1420.0 Pedestrian
32 62.0 637.0 1420.0 Pedestrian
33 62.0 637.0 1420.0 Pedestrian
34 62.0 637.0 1420.0 Pedestrian
35 62.0 637.0 1420.0 Pedestrian
36 62.0 637.0 1420.0 Pedestrian
37 62.0 637.0 1420.0 Pedestrian
38 62.0 637.0 1420.0 Pedestrian
39 62.0 637.0 1420.0 Pedestrian
40 62.0 637.0 1420.0 Pedestrian
41 62.0 637.0 1420.0 Pedestrian
42 62.0 637.0 1420.0 Pedestrian
43 62.0 637.0 1420.0 Pedestrian
44 62.0 637.0 1420.0 Pedestrian
45 62.0 637.0 1420.0 Pedestrian
0 63.0 638.0 1499.5 Cart
1 63.0 638.0 1499.5 Cart
2 63.0 638.0 1499.5 Cart
3 63.0 638.0 1499.5 Cart
4 63.0 638.0 1499.5 Cart
5 63.0 638.0 1499.5 Cart
6 63.0 638.0 1499.5 Cart
7 63.0 638.0 1499.5 Cart
8 63.0 638.0 1499.5 Cart
9 63.0 638.0 1499.5 Cart
10 63.0 638.0 1499.5 Cart
11 63.0 638.0 1499.5 Cart
12 63.0 638.0 1499.5 Cart
13 63.0 638.0 1499.5 Cart
14 63.0 638.0 1499.5 Cart
15 63.0 638.0 1499.5 Cart
16 63.0 638.0 1499.5 Cart
17 63.0 638.0 1499.5 Cart
18 63.0 638.0 1499.5 Cart
19 63.0 638.0 1499.5 Cart
20 63.0 638.0 1499.5 Cart
21 63.0 638.0 1499.5 Cart
22 63.0 638.0 1499.5 Cart
23 63.0 638.0 1499.5 Cart
24 63.0 638.0 1499.5 Cart
25 63.0 638.0 1499.5 Cart
26 63.0 638.0 1499.5 Cart
27 63.0 638.0 1499.5 Cart
28 63.0 638.0 1499.5 Cart
29 63.0 638.0 1499.5 Cart
30 63.0 638.0 1499.5 Cart
31 63.0 638.0 1499.5 Cart
32 63.0 638.0 1499.5 Cart
33 63.0 638.0 1499.5 Cart
34 63.0 638.0 1499.5 Cart
35 63.0 638.0 1499.5 Cart
36 63.0 638.0 1499.5 Cart
37 63.0 638.0 1499.5 Cart
38 63.0 638.0 1499.5 Cart
39 63.0 638.0 1499.5 Cart
40 63.0 638.0 1499.5 Cart
41 63.0 638.0 1499.5 Cart
42 63.0 638.0 1499.5 Cart
43 63.0 638.0 1499.5 Cart
44 63.0 638.0 1499.5 Cart
45 63.0 638.0 1499.5 Cart
0 64.0 765.0 1185.5 Cart
1 64.0 765.0 1185.5 Cart
2 64.0 765.0 1185.5 Cart
3 64.0 765.0 1185.5 Cart
4 64.0 765.0 1185.5 Cart
5 64.0 765.0 1185.5 Cart
6 64.0 765.0 1185.5 Cart
7 64.0 765.0 1185.5 Cart
8 64.0 765.0 1185.5 Cart
9 64.0 765.0 1185.5 Cart
10 64.0 765.0 1185.5 Cart
11 64.0 765.0 1185.5 Cart
12 64.0 765.0 1185.5 Cart
13 64.0 765.0 1185.5 Cart
14 64.0 765.0 1185.5 Cart
15 64.0 765.0 1185.5 Cart
16 64.0 765.0 1185.5 Cart
17 64.0 765.0 1185.5 Cart
18 64.0 765.0 1185.5 Cart
19 64.0 765.0 1185.5 Cart
20 64.0 765.0 1185.5 Cart
21 64.0 765.0 1185.5 Cart
22 64.0 765.0 1185.5 Cart
23 64.0 765.0 1185.5 Cart
24 64.0 765.0 1185.5 Cart
25 64.0 765.0 1185.5 Cart
26 64.0 765.0 1185.5 Cart
27 64.0 765.0 1185.5 Cart
28 64.0 765.0 1185.5 Cart
29 64.0 765.0 1185.5 Cart
30 64.0 765.0 1185.5 Cart
31 64.0 765.0 1185.5 Cart
32 64.0 765.0 1185.5 Cart
33 64.0 765.0 1185.5 Cart
34 64.0 765.0 1185.5 Cart
35 64.0 765.0 1185.5 Cart
36 64.0 765.0 1185.5 Cart
37 64.0 765.0 1185.5 Cart
38 64.0 765.0 1185.5 Cart
39 64.0 765.0 1185.5 Cart
40 64.0 765.0 1185.5 Cart
41 64.0 765.0 1185.5 Cart
42 64.0 765.0 1185.5 Cart
43 64.0 765.0 1185.5 Cart
44 64.0 765.0 1185.5 Cart
45 64.0 765.0 1185.5 Cart
