0 0.0 802.0 417.5 Cart
1 0.0 805.0 379.0 Cart
2 0.0 807.0 338.5 Cart
3 0.0 815.0 320.0 Cart
4 0.0 820.0 293.5 Cart
5 0.0 816.0 269.0 Cart
6 0.0 816.0 232.0 Cart
7 0.0 816.0 203.5 Cart
27 0.0 812.0 201.5 Cart
28 0.0 811.0 214.0 Cart
29 0.0 811.0 224.0 Cart
30 0.0 810.0 236.0 Cart
31 0.0 810.0 248.5 Cart
32 0.0 809.0 256.5 Cart
33 0.0 809.0 269.0 Cart
34 0.0 809.0 281.0 Cart
35 0.0 808.0 291.5 Cart
36 0.0 807.0 303.5 Cart
37 0.0 807.0 315.5 Cart
38 0.0 807.0 324.0 Cart
39 0.0 806.0 336.5 Cart
40 0.0 805.0 348.5 Cart
41 0.0 805.0 358.5 Cart
42 0.0 805.0 371.0 Cart
43 0.0 805.0 383.0 Cart
0 1.0 839.0 432.0 Cart
1 1.0 849.0 391.5 Cart
2 1.0 859.0 366.5 Cart
3 1.0 853.0 326.0 Cart
4 1.0 855.0 297.5 Cart
5 1.0 855.0 265.0 Cart
6 1.0 855.0 224.0 Cart
7 1.0 855.0 195.5 Cart
27 1.0 852.0 199.5 Cart
28 1.0 852.0 211.5 Cart
29 1.0 852.0 224.0 Cart
30 1.0 852.0 236.5 Cart
31 1.0 851.0 246.5 Cart
32 1.0 851.0 258.5 Cart
33 1.0 850.0 271.0 Cart
34 1.0 850.0 283.5 Cart
35 1.0 850.0 295.5 Cart
36 1.0 850.0 307.5 Cart
37 1.0 849.0 319.5 Cart
38 1.0 849.0 332.5 Cart
39 1.0 849.0 344.5 Cart
40 1.0 849.0 356.5 Cart
41 1.0 849.0 368.5 Cart
42 1.0 849.0 381.0 Cart
43 1.0 849.0 395.5 Cart
0 2.0 810.0 781.0 Pedestrian
1 2.0 810.0 773.0 Pedestrian
2 2.0 813.0 775.0 Pedestrian
3 2.0 819.0 785.0 Pedestrian
4 2.0 831.0 785.0 Pedestrian
5 2.0 841.0 785.0 Pedestrian
6 2.0 852.0 787.0 Pedestrian
7 2.0 839.0 816.0 Pedestrian
8 2.0 846.0 816.0 Pedestrian
9 2.0 866.0 799.5 Pedestrian
10 2.0 858.0 846.0 Pedestrian
11 2.0 875.0 815.5 Pedestrian
12 2.0 884.0 828.0 Pedestrian
13 2.0 884.0 828.0 Pedestrian
14 2.0 886.0 830.0 Pedestrian
15 2.0 888.0 832.0 Pedestrian
16 2.0 890.0 834.0 Pedestrian
17 2.0 890.0 834.0 Pedestrian
18 2.0 890.0 838.5 Pedestrian
19 2.0 875.0 824.0 Pedestrian
20 2.0 875.0 824.0 Pedestrian
21 2.0 877.0 824.0 Pedestrian
22 2.0 879.0 824.0 Pedestrian
23 2.0 881.0 824.0 Pedestrian
24 2.0 883.0 824.0 Pedestrian
25 2.0 885.0 824.0 Pedestrian
26 2.0 887.0 820.0 Pedestrian
27 2.0 899.0 816.0 Pedestrian
28 2.0 913.0 812.0 Pedestrian
29 2.0 913.0 812.0 Pedestrian
30 2.0 913.0 812.0 Pedestrian
31 2.0 913.0 812.0 Pedestrian
32 2.0 913.0 812.0 Pedestrian
33 2.0 915.0 812.0 Pedestrian
34 2.0 915.0 812.0 Pedestrian
35 2.0 915.0 812.0 Pedestrian
36 2.0 915.0 812.0 Pedestrian
37 2.0 915.0 812.0 Pedestrian
38 2.0 917.0 812.0 Pedestrian
39 2.0 917.0 812.0 Pedestrian
40 2.0 917.0 812.0 Pedestrian
41 2.0 917.0 812.0 Pedestrian
42 2.0 917.0 812.0 Pedestrian
43 2.0 919.0 816.0 Pedestrian
0 3.0 556.0 1256.5 Cart
1 3.0 582.0 1279.0 Cart
2 3.0 610.0 1289.0 Cart
3 3.0 646.0 1289.0 Cart
4 3.0 684.0 1297.5 Cart
5 3.0 713.5 1305.5 Cart
6 3.0 747.5 1293.0 Cart
7 3.0 783.0 1269.0 Cart
8 3.0 805.0 1261.0 Cart
9 3.0 815.0 1256.5 Cart
10 3.0 825.0 1244.0 Cart
11 3.0 839.0 1232.0 Cart
12 3.0 855.0 1203.5 Cart
13 3.0 859.0 1171.0 Cart
14 3.0 859.0 1142.0 Cart
15 3.0 861.0 1105.5 Cart
16 3.0 855.0 1081.0 Cart
17 3.0 851.0 1052.5 Cart
18 3.0 847.0 1032.0 Cart
19 3.0 847.0 991.0 Cart
20 3.0 845.0 950.5 Cart
21 3.0 833.0 926.0 Cart
22 3.0 821.0 901.5 Cart
23 3.0 811.0 881.0 Cart
24 3.0 809.0 836.0 Cart
25 3.0 807.0 807.5 Cart
26 3.0 805.0 779.0 Cart
27 3.0 797.0 746.5 Cart
28 3.0 797.0 709.5 Cart
29 3.0 797.0 685.0 Cart
30 3.0 799.0 640.0 Cart
31 3.0 807.0 595.5 Cart
32 3.0 809.0 583.0 Cart
33 3.0 811.0 567.0 Cart
34 3.0 811.0 534.0 Cart
35 3.0 815.0 501.5 Cart
36 3.0 817.0 460.5 Cart
37 3.0 817.0 440.0 Cart
38 3.0 821.0 412.0 Cart
39 3.0 827.0 383.0 Cart
40 3.0 827.0 358.5 Cart
41 3.0 829.0 318.0 Cart
42 3.0 831.0 301.5 Cart
43 3.0 841.0 261.0 Cart
0 4.0 273.0 523.5 Pedestrian
1 4.0 261.0 519.5 Pedestrian
2 4.0 249.0 515.5 Pedestrian
3 4.0 239.0 513.5 Pedestrian
4 4.0 225.0 513.5 Pedestrian
5 4.0 217.0 513.5 Pedestrian
6 4.0 213.0 513.5 Pedestrian
7 4.0 207.0 509.5 Pedestrian
8 4.0 195.0 509.5 Pedestrian
9 4.0 177.0 513.5 Pedestrian
10 4.0 159.0 513.5 Pedestrian
11 4.0 145.0 517.5 Pedestrian
38 4.0 153.0 509.5 Pedestrian
39 4.0 164.0 509.5 Pedestrian
40 4.0 175.0 509.5 Pedestrian
41 4.0 185.0 509.5 Pedestrian
42 4.0 195.0 509.5 Pedestrian
43 4.0 207.0 509.5 Pedestrian
0 5.0 384.5 552.5 Pedestrian
1 5.0 390.5 552.5 Pedestrian
2 5.0 396.0 552.5 Pedestrian
3 5.0 404.0 552.5 Pedestrian
4 5.0 408.0 550.5 Pedestrian
5 5.0 414.0 550.5 Pedestrian
6 5.0 418.0 550.5 Pedestrian
7 5.0 424.0 550.5 Pedestrian
8 5.0 428.0 550.5 Pedestrian
9 5.0 430.0 554.5 Pedestrian
10 5.0 434.0 554.5 Pedestrian
11 5.0 438.0 558.5 Pedestrian
12 5.0 432.0 562.5 Pedestrian
13 5.0 420.0 562.5 Pedestrian
14 5.0 406.0 562.5 Pedestrian
15 5.0 398.0 562.5 Pedestrian
16 5.0 398.0 562.5 Pedestrian
17 5.0 400.0 562.5 Pedestrian
18 5.0 400.0 562.5 Pedestrian
19 5.0 402.0 562.5 Pedestrian
20 5.0 402.0 562.5 Pedestrian
21 5.0 404.0 562.5 Pedestrian
22 5.0 404.0 558.5 Pedestrian
23 5.0 406.0 558.5 Pedestrian
24 5.0 406.0 558.5 Pedestrian
25 5.0 408.0 558.5 Pedestrian
26 5.0 408.0 558.5 Pedestrian
27 5.0 410.0 558.5 Pedestrian
28 5.0 410.0 558.5 Pedestrian
29 5.0 412.0 554.5 Pedestrian
30 5.0 412.0 554.5 Pedestrian
31 5.0 414.0 554.5 Pedestrian
32 5.0 414.0 554.5 Pedestrian
33 5.0 416.0 554.5 Pedestrian
34 5.0 416.0 554.5 Pedestrian
35 5.0 418.0 554.5 Pedestrian
36 5.0 418.0 550.5 Pedestrian
37 5.0 420.0 550.5 Pedestrian
38 5.0 420.0 550.5 Pedestrian
39 5.0 422.0 550.5 Pedestrian
40 5.0 422.0 550.5 Pedestrian
41 5.0 424.0 550.5 Pedestrian
42 5.0 424.0 550.5 Pedestrian
43 5.0 426.0 550.5 Pedestrian
2 7.0 149.0 868.5 Pedestrian
3 7.0 175.0 864.5 Pedestrian
4 7.0 201.0 860.5 Pedestrian
5 7.0 233.0 856.5 Pedestrian
6 7.0 263.0 852.5 Pedestrian
7 7.0 283.0 852.5 Pedestrian
8 7.0 315.0 844.5 Pedestrian
9 7.0 346.5 844.5 Pedestrian
10 7.0 374.5 848.5 Pedestrian
11 7.0 400.0 840.5 Pedestrian
12 7.0 424.0 819.5 Pedestrian
13 7.0 448.0 803.5 Pedestrian
14 7.0 462.0 787.5 Pedestrian
15 7.0 470.0 775.0 Pedestrian
16 7.0 486.0 766.5 Pedestrian
17 7.0 500.0 742.5 Pedestrian
18 7.0 512.0 717.5 Pedestrian
19 7.0 528.0 689.5 Pedestrian
20 7.0 550.0 656.5 Pedestrian
21 7.0 552.0 632.5 Pedestrian
22 7.0 554.0 607.5 Pedestrian
23 7.0 566.0 579.0 Pedestrian
24 7.0 568.0 550.5 Pedestrian
25 7.0 570.0 521.5 Pedestrian
26 7.0 580.0 513.5 Pedestrian
27 7.0 582.0 481.5 Pedestrian
28 7.0 600.0 444.5 Pedestrian
29 7.0 600.0 428.0 Pedestrian
30 7.0 600.0 395.5 Pedestrian
31 7.0 602.0 366.5 Pedestrian
32 7.0 600.0 317.5 Pedestrian
33 7.0 596.0 277.0 Pedestrian
34 7.0 592.0 248.5 Pedestrian
35 7.0 588.0 219.5 Pedestrian
43 7.0 334.5 844.5 Pedestrian
0 8.0 716.5 830.0 Biker
1 8.0 730.5 760.5 Biker
2 8.0 742.0 707.5 Biker
3 8.0 751.0 662.5 Biker
4 8.0 771.0 626.0 Biker
5 8.0 778.0 573.0 Biker
6 8.0 786.0 532.0 Biker
7 8.0 808.0 471.0 Biker
8 8.0 818.0 428.0 Biker
9 8.0 822.0 379.0 Biker
10 8.0 832.0 313.5 Biker
11 8.0 840.0 265.0 Biker
12 8.0 844.0 236.0 Biker
13 8.0 846.0 199.5 Biker
30 8.0 834.0 205.5 Biker
31 8.0 832.0 221.5 Biker
32 8.0 832.0 236.5 Biker
33 8.0 830.0 252.5 Biker
34 8.0 828.0 268.5 Biker
35 8.0 828.0 283.5 Biker
36 8.0 826.0 299.5 Biker
37 8.0 824.0 315.5 Biker
38 8.0 824.0 330.0 Biker
39 8.0 822.0 346.5 Biker
40 8.0 820.0 362.5 Biker
41 8.0 820.0 377.0 Biker
42 8.0 818.0 393.5 Biker
43 8.0 818.0 411.5 Biker
0 9.0 764.0 1216.0 Biker
1 9.0 776.0 1189.5 Biker
2 9.0 784.0 1170.5 Biker
3 9.0 790.0 1162.5 Biker
4 9.0 794.0 1134.5 Biker
5 9.0 792.0 1109.5 Biker
6 9.0 788.0 1089.5 Biker
7 9.0 786.0 1068.5 Biker
8 9.0 795.0 1019.5 Biker
9 9.0 799.0 979.0 Biker
10 9.0 791.0 958.5 Biker
11 9.0 783.0 934.5 Biker
12 9.0 767.0 917.5 Biker
13 9.0 745.0 909.5 Biker
14 9.0 729.5 877.0 Biker
15 9.0 719.5 836.5 Biker
16 9.0 713.5 807.5 Biker
17 9.0 708.5 766.5 Biker
18 9.0 705.5 726.0 Biker
19 9.0 709.5 693.5 Biker
20 9.0 711.5 652.5 Biker
21 9.0 713.5 611.5 Biker
22 9.0 715.5 570.5 Biker
23 9.0 719.5 534.5 Biker
24 9.0 731.5 481.5 Biker
25 9.0 741.0 436.5 Biker
26 9.0 753.0 399.5 Biker
27 9.0 763.0 354.5 Biker
28 9.0 774.0 305.5 Biker
29 9.0 789.0 275.0 Biker
30 9.0 795.0 224.0 Biker
37 9.0 810.0 285.0 Biker
38 9.0 809.0 403.5 Biker
39 9.0 808.0 520.0 Biker
40 9.0 807.0 636.5 Biker
41 9.0 806.0 754.5 Biker
42 9.0 805.0 870.5 Biker
43 9.0 805.0 991.5 Biker
0 10.0 446.0 574.5 Pedestrian
1 10.0 446.0 579.0 Pedestrian
2 10.0 450.0 589.5 Pedestrian
3 10.0 453.0 599.5 Pedestrian
4 10.0 453.0 605.5 Pedestrian
5 10.0 453.0 612.0 Pedestrian
6 10.0 452.0 618.0 Pedestrian
7 10.0 452.0 624.0 Pedestrian
8 10.0 452.0 620.0 Pedestrian
9 10.0 452.0 612.0 Pedestrian
10 10.0 452.0 604.0 Pedestrian
11 10.0 452.0 595.0 Pedestrian
12 10.0 452.0 595.0 Pedestrian
13 10.0 452.0 599.0 Pedestrian
14 10.0 452.0 604.0 Pedestrian
15 10.0 452.0 612.0 Pedestrian
16 10.0 452.0 616.0 Pedestrian
17 10.0 452.0 620.0 Pedestrian
18 10.0 452.0 624.0 Pedestrian
19 10.0 452.0 628.0 Pedestrian
20 10.0 450.0 636.0 Pedestrian
21 10.0 450.0 636.0 Pedestrian
22 10.0 450.0 636.0 Pedestrian
23 10.0 450.0 636.0 Pedestrian
24 10.0 450.0 636.0 Pedestrian
25 10.0 450.0 640.0 Pedestrian
26 10.0 450.0 640.0 Pedestrian
27 10.0 450.0 640.0 Pedestrian
28 10.0 450.0 640.0 Pedestrian
29 10.0 450.0 644.0 Pedestrian
30 10.0 450.0 644.0 Pedestrian
31 10.0 450.0 644.0 Pedestrian
32 10.0 450.0 644.0 Pedestrian
33 10.0 450.0 644.0 Pedestrian
34 10.0 450.0 644.0 Pedestrian
35 10.0 450.0 640.0 Pedestrian
36 10.0 450.0 640.0 Pedestrian
37 10.0 450.0 636.0 Pedestrian
38 10.0 450.0 636.0 Pedestrian
39 10.0 450.0 632.0 Pedestrian
40 10.0 450.0 632.0 Pedestrian
41 10.0 450.0 628.0 Pedestrian
42 10.0 450.0 628.0 Pedestrian
43 10.0 452.0 628.0 Pedestrian
0 11.0 645.0 1434.0 Pedestrian
1 11.0 645.0 1434.0 Pedestrian
2 11.0 633.0 1428.0 Pedestrian
3 11.0 621.0 1423.5 Pedestrian
4 11.0 608.0 1419.5 Pedestrian
5 11.0 596.0 1419.5 Pedestrian
6 11.0 584.0 1419.5 Pedestrian
7 11.0 584.0 1415.5 Pedestrian
8 11.0 586.0 1415.5 Pedestrian
9 11.0 588.0 1411.5 Pedestrian
10 11.0 590.0 1411.5 Pedestrian
11 11.0 592.0 1407.5 Pedestrian
12 11.0 594.0 1407.5 Pedestrian
13 11.0 596.0 1407.5 Pedestrian
14 11.0 598.0 1403.5 Pedestrian
15 11.0 600.0 1403.5 Pedestrian
16 11.0 602.0 1399.5 Pedestrian
17 11.0 604.0 1399.5 Pedestrian
18 11.0 604.0 1399.5 Pedestrian
19 11.0 596.0 1403.5 Pedestrian
20 11.0 589.0 1411.5 Pedestrian
21 11.0 581.0 1415.5 Pedestrian
22 11.0 573.0 1423.5 Pedestrian
23 11.0 567.0 1428.0 Pedestrian
24 11.0 567.0 1428.0 Pedestrian
25 11.0 567.0 1428.0 Pedestrian
26 11.0 569.0 1428.0 Pedestrian
27 11.0 569.0 1428.0 Pedestrian
28 11.0 571.0 1428.0 Pedestrian
29 11.0 571.0 1428.0 Pedestrian
30 11.0 572.0 1423.5 Pedestrian
31 11.0 573.0 1423.5 Pedestrian
32 11.0 574.0 1423.5 Pedestrian
33 11.0 575.0 1423.5 Pedestrian
34 11.0 575.0 1423.5 Pedestrian
35 11.0 576.0 1423.5 Pedestrian
36 11.0 577.0 1423.5 Pedestrian
37 11.0 578.0 1419.5 Pedestrian
38 11.0 579.0 1419.5 Pedestrian
39 11.0 580.0 1419.5 Pedestrian
40 11.0 580.0 1419.5 Pedestrian
41 11.0 582.0 1419.5 Pedestrian
42 11.0 582.0 1419.5 Pedestrian
43 11.0 584.0 1419.5 Pedestrian
0 12.0 688.0 1425.5 Pedestrian
1 12.0 688.0 1425.5 Pedestrian
2 12.0 678.0 1425.5 Pedestrian
3 12.0 666.0 1428.0 Pedestrian
4 12.0 656.0 1428.0 Pedestrian
5 12.0 648.0 1432.0 Pedestrian
6 12.0 640.0 1432.0 Pedestrian
7 12.0 634.0 1432.0 Pedestrian
8 12.0 628.0 1432.0 Pedestrian
9 12.0 624.0 1432.0 Pedestrian
10 12.0 620.0 1432.0 Pedestrian
11 12.0 616.0 1432.0 Pedestrian
12 12.0 612.0 1432.0 Pedestrian
13 12.0 608.0 1432.0 Pedestrian
14 12.0 603.0 1432.0 Pedestrian
15 12.0 599.0 1432.0 Pedestrian
16 12.0 595.0 1432.0 Pedestrian
17 12.0 591.0 1432.0 Pedestrian
18 12.0 587.0 1432.0 Pedestrian
19 12.0 583.0 1432.0 Pedestrian
20 12.0 578.0 1432.0 Pedestrian
21 12.0 574.0 1432.0 Pedestrian
22 12.0 569.0 1432.0 Pedestrian
23 12.0 567.0 1432.0 Pedestrian
24 12.0 569.0 1432.0 Pedestrian
25 12.0 573.0 1432.0 Pedestrian
26 12.0 576.0 1432.0 Pedestrian
27 12.0 579.0 1432.0 Pedestrian
28 12.0 583.0 1432.0 Pedestrian
29 12.0 586.0 1432.0 Pedestrian
30 12.0 589.0 1432.0 Pedestrian
31 12.0 592.0 1432.0 Pedestrian
32 12.0 595.0 1432.0 Pedestrian
33 12.0 599.0 1432.0 Pedestrian
34 12.0 602.0 1432.0 Pedestrian
35 12.0 605.0 1432.0 Pedestrian
36 12.0 608.0 1432.0 Pedestrian
37 12.0 612.0 1432.0 Pedestrian
38 12.0 615.0 1432.0 Pedestrian
39 12.0 618.0 1432.0 Pedestrian
40 12.0 622.0 1432.0 Pedestrian
41 12.0 624.0 1432.0 Pedestrian
42 12.0 628.0 1432.0 Pedestrian
43 12.0 632.0 1432.0 Pedestrian
0 14.0 719.5 1674.5 Pedestrian
1 14.0 719.5 1662.5 Pedestrian
2 14.0 719.5 1650.5 Pedestrian
3 14.0 719.5 1638.5 Pedestrian
4 14.0 719.5 1625.5 Pedestrian
5 14.0 719.5 1613.5 Pedestrian
6 14.0 719.5 1601.5 Pedestrian
7 14.0 719.5 1593.5 Pedestrian
8 14.0 721.5 1581.0 Pedestrian
9 14.0 723.5 1564.5 Pedestrian
10 14.0 727.5 1552.5 Pedestrian
11 14.0 731.5 1540.5 Pedestrian
12 14.0 731.5 1532.0 Pedestrian
13 14.0 727.5 1523.5 Pedestrian
14 14.0 727.5 1515.5 Pedestrian
15 14.0 729.5 1499.5 Pedestrian
16 14.0 733.0 1483.5 Pedestrian
17 14.0 737.0 1470.5 Pedestrian
18 14.0 743.0 1456.5 Pedestrian
19 14.0 749.0 1454.5 Pedestrian
20 14.0 757.0 1450.5 Pedestrian
21 14.0 769.0 1442.5 Pedestrian
22 14.0 780.0 1434.5 Pedestrian
23 14.0 792.0 1421.5 Pedestrian
24 14.0 800.0 1413.5 Pedestrian
25 14.0 806.0 1405.5 Pedestrian
26 14.0 814.0 1397.5 Pedestrian
27 14.0 820.0 1395.5 Pedestrian
28 14.0 826.0 1389.5 Pedestrian
29 14.0 834.0 1381.0 Pedestrian
30 14.0 840.0 1368.5 Pedestrian
31 14.0 848.0 1360.5 Pedestrian
32 14.0 852.0 1360.5 Pedestrian
33 14.0 858.0 1356.5 Pedestrian
34 14.0 864.0 1340.5 Pedestrian
35 14.0 868.0 1325.5 Pedestrian
36 14.0 848.0 1358.5 Pedestrian
37 14.0 830.0 1391.5 Pedestrian
38 14.0 811.0 1423.5 Pedestrian
39 14.0 791.0 1456.5 Pedestrian
40 14.0 773.0 1489.5 Pedestrian
41 14.0 754.0 1521.5 Pedestrian
42 14.0 736.0 1554.5 Pedestrian
43 14.0 719.5 1589.5 Pedestrian
0 15.0 739.0 1293.5 Pedestrian
1 15.0 787.0 1285.5 Pedestrian
2 15.0 817.0 1272.5 Pedestrian
3 15.0 853.0 1260.5 Pedestrian
4 15.0 893.0 1244.5 Pedestrian
5 15.0 929.0 1227.5 Pedestrian
6 15.0 967.0 1211.5 Pedestrian
7 15.0 1003.0 1199.5 Pedestrian
8 15.0 1039.0 1191.5 Pedestrian
9 15.0 1074.5 1187.5 Pedestrian
10 15.0 1110.0 1187.5 Pedestrian
11 15.0 1150.0 1183.5 Pedestrian
12 15.0 1190.0 1178.5 Pedestrian
13 15.0 1230.0 1178.5 Pedestrian
14 15.0 1272.0 1170.5 Pedestrian
24 15.0 1271.0 1183.5 Pedestrian
25 15.0 1243.0 1191.5 Pedestrian
26 15.0 1215.0 1195.5 Pedestrian
27 15.0 1186.0 1199.5 Pedestrian
28 15.0 1158.0 1207.5 Pedestrian
29 15.0 1131.0 1211.5 Pedestrian
30 15.0 1102.0 1219.5 Pedestrian
31 15.0 1074.5 1223.5 Pedestrian
32 15.0 1047.0 1227.5 Pedestrian
33 15.0 1019.0 1236.5 Pedestrian
34 15.0 991.0 1240.5 Pedestrian
35 15.0 962.0 1244.5 Pedestrian
36 15.0 935.0 1252.5 Pedestrian
37 15.0 907.0 1256.5 Pedestrian
38 15.0 878.0 1264.5 Pedestrian
39 15.0 850.0 1268.5 Pedestrian
40 15.0 823.0 1272.5 Pedestrian
41 15.0 794.0 1281.5 Pedestrian
42 15.0 766.0 1285.5 Pedestrian
43 15.0 739.0 1293.5 Pedestrian
3 16.0 150.0 1256.5 Pedestrian
4 16.0 160.0 1252.5 Pedestrian
5 16.0 172.0 1252.5 Pedestrian
6 16.0 184.0 1248.5 Pedestrian
7 16.0 196.0 1248.5 Pedestrian
8 16.0 208.0 1248.5 Pedestrian
9 16.0 220.0 1244.5 Pedestrian
10 16.0 232.0 1244.5 Pedestrian
11 16.0 246.0 1244.5 Pedestrian
12 16.0 258.0 1244.5 Pedestrian
13 16.0 270.0 1240.5 Pedestrian
14 16.0 282.0 1240.5 Pedestrian
15 16.0 294.0 1240.5 Pedestrian
16 16.0 308.0 1240.5 Pedestrian
17 16.0 318.0 1240.5 Pedestrian
18 16.0 330.0 1240.5 Pedestrian
19 16.0 341.5 1240.5 Pedestrian
20 16.0 353.5 1240.5 Pedestrian
21 16.0 365.5 1240.5 Pedestrian
22 16.0 375.5 1240.5 Pedestrian
23 16.0 389.0 1240.5 Pedestrian
24 16.0 401.0 1240.5 Pedestrian
25 16.0 415.0 1240.5 Pedestrian
26 16.0 429.0 1240.5 Pedestrian
27 16.0 443.0 1240.5 Pedestrian
28 16.0 457.0 1240.5 Pedestrian
29 16.0 471.0 1240.5 Pedestrian
30 16.0 485.0 1240.5 Pedestrian
31 16.0 495.0 1236.5 Pedestrian
32 16.0 505.0 1236.5 Pedestrian
33 16.0 517.0 1236.5 Pedestrian
34 16.0 527.0 1236.5 Pedestrian
35 16.0 539.0 1236.5 Pedestrian
36 16.0 549.0 1236.5 Pedestrian
37 16.0 561.0 1236.5 Pedestrian
38 16.0 573.0 1236.5 Pedestrian
39 16.0 585.0 1236.5 Pedestrian
40 16.0 599.0 1240.5 Pedestrian
41 16.0 611.0 1240.5 Pedestrian
42 16.0 623.0 1240.5 Pedestrian
43 16.0 637.0 1244.5 Pedestrian
0 17.0 507.0 1395.5 Pedestrian
1 17.0 505.0 1391.5 Pedestrian
2 17.0 505.0 1391.5 Pedestrian
3 17.0 505.0 1391.5 Pedestrian
4 17.0 505.0 1391.5 Pedestrian
5 17.0 505.0 1391.5 Pedestrian
6 17.0 505.0 1391.5 Pedestrian
7 17.0 505.0 1391.5 Pedestrian
8 17.0 503.0 1387.5 Pedestrian
9 17.0 503.0 1387.5 Pedestrian
10 17.0 503.0 1387.5 Pedestrian
11 17.0 503.0 1387.5 Pedestrian
12 17.0 503.0 1387.5 Pedestrian
13 17.0 503.0 1387.5 Pedestrian
14 17.0 503.0 1387.5 Pedestrian
15 17.0 503.0 1387.5 Pedestrian
16 17.0 505.0 1383.5 Pedestrian
17 17.0 511.0 1378.5 Pedestrian
18 17.0 517.0 1374.5 Pedestrian
19 17.0 517.0 1362.5 Pedestrian
20 17.0 515.0 1354.5 Pedestrian
21 17.0 515.0 1342.5 Pedestrian
22 17.0 515.0 1342.5 Pedestrian
23 17.0 515.0 1346.5 Pedestrian
24 17.0 515.0 1350.5 Pedestrian
25 17.0 517.0 1350.5 Pedestrian
26 17.0 517.0 1354.5 Pedestrian
27 17.0 515.0 1358.5 Pedestrian
28 17.0 511.0 1362.5 Pedestrian
29 17.0 507.0 1362.5 Pedestrian
30 17.0 501.0 1366.5 Pedestrian
31 17.0 497.0 1366.5 Pedestrian
32 17.0 493.0 1366.5 Pedestrian
33 17.0 489.0 1362.5 Pedestrian
34 17.0 489.0 1366.5 Pedestrian
35 17.0 495.0 1374.5 Pedestrian
36 17.0 499.0 1383.5 Pedestrian
37 17.0 499.0 1383.5 Pedestrian
38 17.0 499.0 1383.5 Pedestrian
39 17.0 499.0 1383.5 Pedestrian
40 17.0 499.0 1383.5 Pedestrian
41 17.0 499.0 1383.5 Pedestrian
42 17.0 499.0 1383.5 Pedestrian
43 17.0 499.0 1383.5 Pedestrian
36 18.0 177.0 1146.5 Biker
37 18.0 223.0 1146.5 Biker
38 18.0 277.0 1138.5 Biker
39 18.0 332.5 1134.5 Biker
40 18.0 382.5 1125.5 Biker
41 18.0 419.0 1119.5 Biker
42 18.0 457.0 1115.5 Biker
43 18.0 505.0 1091.5 Biker
40 19.0 178.0 1189.0 Biker
41 19.0 218.0 1189.0 Biker
42 19.0 256.0 1189.0 Biker
43 19.0 296.0 1189.0 Biker
0 20.0 610.0 632.0 Biker
1 20.0 608.0 664.5 Biker
2 20.0 606.0 697.5 Biker
3 20.0 606.0 730.0 Biker
4 20.0 604.0 762.5 Biker
5 20.0 604.0 795.5 Biker
6 20.0 600.0 824.0 Biker
7 20.0 590.0 852.5 Biker
8 20.0 580.0 877.0 Biker
9 20.0 570.0 901.5 Biker
10 20.0 560.0 930.0 Biker
11 20.0 544.0 958.5 Biker
12 20.0 530.0 991.5 Biker
13 20.0 512.0 1019.5 Biker
14 20.0 492.0 1040.5 Biker
15 20.0 470.0 1060.5 Biker
16 20.0 438.0 1073.0 Biker
17 20.0 404.0 1089.5 Biker
18 20.0 370.5 1101.5 Biker
19 20.0 335.0 1109.5 Biker
20 20.0 299.0 1113.5 Biker
21 20.0 257.0 1117.5 Biker
22 20.0 209.0 1117.5 Biker
23 20.0 161.0 1121.5 Biker
31 20.0 149.0 1077.0 Biker
32 20.0 183.0 1064.5 Biker
33 20.0 219.0 1052.5 Biker
34 20.0 253.0 1036.0 Biker
35 20.0 287.0 1024.0 Biker
36 20.0 323.0 1011.5 Biker
37 20.0 356.5 999.5 Biker
38 20.0 390.0 987.5 Biker
39 20.0 424.0 975.0 Biker
40 20.0 460.0 962.5 Biker
41 20.0 494.0 950.5 Biker
42 20.0 528.0 938.5 Biker
43 20.0 564.0 926.0 Biker
0 21.0 763.0 381.5 Biker
1 21.0 743.5 417.5 Biker
2 21.0 725.5 458.5 Biker
3 21.0 707.5 499.5 Biker
4 21.0 690.0 536.5 Biker
5 21.0 670.0 577.0 Biker
6 21.0 652.0 617.5 Biker
7 21.0 638.0 658.5 Biker
8 21.0 626.0 699.5 Biker
9 21.0 616.0 740.5 Biker
10 21.0 604.0 781.5 Biker
11 21.0 592.0 821.5 Biker
12 21.0 578.0 862.5 Biker
13 21.0 564.0 899.5 Biker
14 21.0 548.0 936.5 Biker
15 21.0 532.0 977.0 Biker
16 21.0 516.0 1013.5 Biker
17 21.0 502.0 1050.5 Biker
18 21.0 472.0 1074.5 Biker
19 21.0 434.0 1087.5 Biker
20 21.0 398.0 1103.5 Biker
21 21.0 354.5 1103.5 Biker
22 21.0 313.0 1103.5 Biker
23 21.0 271.0 1103.5 Biker
24 21.0 229.0 1103.5 Biker
25 21.0 185.0 1103.5 Biker
40 21.0 191.0 1015.5 Biker
41 21.0 382.0 893.5 Biker
42 21.0 574.0 771.0 Biker
43 21.0 766.0 650.5 Biker
0 22.0 947.0 1056.5 Biker
1 22.0 909.0 1044.5 Biker
2 22.0 871.0 1032.0 Biker
3 22.0 833.0 1024.0 Biker
4 22.0 797.0 1011.5 Biker
5 22.0 757.0 1007.5 Biker
6 22.0 711.5 1015.5 Biker
7 22.0 668.0 1024.0 Biker
8 22.0 622.0 1032.0 Biker
9 22.0 578.0 1040.5 Biker
10 22.0 532.0 1048.5 Biker
11 22.0 488.0 1056.5 Biker
12 22.0 442.0 1064.5 Biker
13 22.0 402.0 1073.0 Biker
14 22.0 360.5 1077.0 Biker
15 22.0 319.0 1085.0 Biker
16 22.0 275.0 1093.5 Biker
17 22.0 229.0 1097.5 Biker
18 22.0 182.0 1097.5 Biker
27 22.0 144.0 1093.5 Biker
28 22.0 183.0 1089.5 Biker
29 22.0 222.0 1081.0 Biker
30 22.0 262.0 1077.0 Biker
31 22.0 302.0 1073.0 Biker
32 22.0 341.0 1064.5 Biker
33 22.0 380.0 1060.5 Biker
34 22.0 419.0 1056.5 Biker
35 22.0 459.0 1048.5 Biker
36 22.0 498.0 1044.5 Biker
37 22.0 538.0 1040.5 Biker
38 22.0 578.0 1032.0 Biker
39 22.0 617.0 1028.0 Biker
40 22.0 656.0 1024.0 Biker
41 22.0 696.0 1015.5 Biker
42 22.0 735.0 1011.5 Biker
43 22.0 775.0 1007.5 Biker
0 23.0 1270.0 1213.5 Pedestrian
1 23.0 1270.0 1213.5 Pedestrian
2 23.0 1270.0 1213.5 Pedestrian
3 23.0 1270.0 1213.5 Pedestrian
4 23.0 1270.0 1213.5 Pedestrian
5 23.0 1270.0 1213.5 Pedestrian
6 23.0 1270.0 1213.5 Pedestrian
7 23.0 1270.0 1213.5 Pedestrian
8 23.0 1270.0 1213.5 Pedestrian
9 23.0 1270.0 1213.5 Pedestrian
10 23.0 1270.0 1213.5 Pedestrian
11 23.0 1270.0 1213.5 Pedestrian
12 23.0 1270.0 1213.5 Pedestrian
13 23.0 1270.0 1213.5 Pedestrian
14 23.0 1270.0 1213.5 Pedestrian
15 23.0 1270.0 1213.5 Pedestrian
16 23.0 1270.0 1213.5 Pedestrian
17 23.0 1270.0 1213.5 Pedestrian
18 23.0 1270.0 1213.5 Pedestrian
19 23.0 1270.0 1213.5 Pedestrian
20 23.0 1270.0 1213.5 Pedestrian
21 23.0 1270.0 1213.5 Pedestrian
22 23.0 1270.0 1213.5 Pedestrian
23 23.0 1270.0 1213.5 Pedestrian
24 23.0 1270.0 1213.5 Pedestrian
25 23.0 1270.0 1213.5 Pedestrian
26 23.0 1270.0 1213.5 Pedestrian
27 23.0 1270.0 1213.5 Pedestrian
28 23.0 1270.0 1213.5 Pedestrian
29 23.0 1270.0 1213.5 Pedestrian
30 23.0 1270.0 1213.5 Pedestrian
31 23.0 1270.0 1213.5 Pedestrian
32 23.0 1270.0 1213.5 Pedestrian
33 23.0 1270.0 1213.5 Pedestrian
34 23.0 1252.0 1209.5 Pedestrian
35 23.0 1238.0 1209.5 Pedestrian
36 23.0 1224.0 1221.5 Pedestrian
37 23.0 1208.0 1221.5 Pedestrian
38 23.0 1190.0 1221.5 Pedestrian
39 23.0 1170.0 1209.5 Pedestrian
40 23.0 1170.0 1209.5 Pedestrian
41 23.0 1170.0 1209.5 Pedestrian
42 23.0 1160.0 1209.5 Pedestrian
43 23.0 1118.0 1209.5 Pedestrian
0 24.0 888.0 1162.5 Biker
1 24.0 888.0 1142.5 Biker
2 24.0 888.0 1121.5 Biker
3 24.0 888.0 1105.5 Biker
4 24.0 886.0 1085.5 Biker
5 24.0 884.0 1064.5 Biker
6 24.0 882.0 1044.5 Biker
7 24.0 868.0 1011.5 Biker
8 24.0 856.0 983.5 Biker
9 24.0 844.0 954.5 Biker
10 24.0 836.0 930.0 Biker
11 24.0 828.0 905.5 Biker
12 24.0 820.0 885.5 Biker
13 24.0 820.0 852.5 Biker
14 24.0 820.0 823.5 Biker
15 24.0 820.0 795.5 Biker
16 24.0 820.0 766.5 Biker
17 24.0 820.0 738.5 Biker
18 24.0 820.0 709.5 Biker
19 24.0 820.0 681.5 Biker
20 24.0 820.0 652.5 Biker
21 24.0 820.0 624.0 Biker
22 24.0 820.0 595.5 Biker
23 24.0 822.0 566.5 Biker
24 24.0 826.0 534.5 Biker
25 24.0 830.0 505.5 Biker
26 24.0 836.0 477.0 Biker
27 24.0 840.0 448.5 Biker
28 24.0 844.0 419.5 Biker
29 24.0 850.0 391.5 Biker
30 24.0 852.0 358.5 Biker
31 24.0 854.0 326.0 Biker
32 24.0 856.0 293.5 Biker
33 24.0 860.0 260.5 Biker
34 24.0 862.0 228.0 Biker
35 24.0 864.0 195.5 Biker
43 24.0 844.0 954.5 Biker
0 25.0 839.0 1132.0 Biker
1 25.0 833.0 1112.0 Biker
2 25.0 829.0 1091.0 Biker
3 25.0 823.0 1071.0 Biker
4 25.0 819.0 1054.5 Biker
5 25.0 815.0 1034.0 Biker
6 25.0 809.0 1014.0 Biker
7 25.0 805.0 997.0 Biker
8 25.0 799.0 977.0 Biker
9 25.0 795.0 956.5 Biker
10 25.0 791.0 940.0 Biker
11 25.0 785.0 920.0 Biker
12 25.0 781.0 899.0 Biker
13 25.0 777.0 883.0 Biker
14 25.0 775.0 850.5 Biker
15 25.0 773.0 822.0 Biker
16 25.0 771.0 789.0 Biker
17 25.0 769.0 761.0 Biker
18 25.0 767.0 732.0 Biker
19 25.0 769.0 703.5 Biker
20 25.0 771.0 675.0 Biker
21 25.0 775.0 646.0 Biker
22 25.0 777.0 618.0 Biker
23 25.0 779.0 589.0 Biker
24 25.0 783.0 561.0 Biker
25 25.0 785.0 532.0 Biker
26 25.0 787.0 503.5 Biker
27 25.0 791.0 479.0 Biker
28 25.0 801.0 434.0 Biker
29 25.0 813.0 393.0 Biker
30 25.0 823.0 348.5 Biker
31 25.0 835.0 308.0 Biker
32 25.0 833.0 283.0 Biker
33 25.0 833.0 259.0 Biker
34 25.0 833.0 234.0 Biker
35 25.0 829.0 201.5 Biker
0 26.0 820.0 1362.5 Pedestrian
1 26.0 810.0 1364.5 Pedestrian
2 26.0 802.0 1366.5 Pedestrian
3 26.0 794.0 1372.5 Pedestrian
4 26.0 786.0 1374.5 Pedestrian
5 26.0 778.0 1381.0 Pedestrian
6 26.0 770.0 1381.0 Pedestrian
7 26.0 762.0 1381.0 Pedestrian
8 26.0 754.0 1381.0 Pedestrian
9 26.0 744.0 1381.0 Pedestrian
10 26.0 736.0 1385.5 Pedestrian
11 26.0 726.5 1389.5 Pedestrian
12 26.0 718.5 1393.5 Pedestrian
13 26.0 708.5 1389.5 Pedestrian
14 26.0 699.0 1389.5 Pedestrian
15 26.0 691.0 1385.5 Pedestrian
16 26.0 681.0 1385.5 Pedestrian
17 26.0 673.0 1385.5 Pedestrian
18 26.0 663.0 1385.5 Pedestrian
19 26.0 655.0 1385.5 Pedestrian
20 26.0 647.0 1389.5 Pedestrian
21 26.0 637.0 1389.5 Pedestrian
22 26.0 629.0 1389.5 Pedestrian
23 26.0 621.0 1393.5 Pedestrian
24 26.0 609.0 1393.5 Pedestrian
25 26.0 599.0 1393.5 Pedestrian
26 26.0 587.0 1393.5 Pedestrian
27 26.0 577.0 1393.5 Pedestrian
28 26.0 567.0 1393.5 Pedestrian
29 26.0 559.0 1393.5 Pedestrian
30 26.0 549.0 1393.5 Pedestrian
31 26.0 541.0 1393.5 Pedestrian
32 26.0 533.0 1397.5 Pedestrian
33 26.0 527.0 1397.5 Pedestrian
34 26.0 523.0 1401.5 Pedestrian
35 26.0 519.0 1405.5 Pedestrian
36 26.0 515.0 1409.5 Pedestrian
37 26.0 549.0 1405.5 Pedestrian
38 26.0 583.0 1401.5 Pedestrian
39 26.0 617.0 1397.5 Pedestrian
40 26.0 651.0 1393.5 Pedestrian
41 26.0 685.0 1389.5 Pedestrian
42 26.0 718.5 1385.5 Pedestrian
43 26.0 754.0 1381.0 Pedestrian
0 27.0 780.0 1423.5 Pedestrian
1 27.0 774.0 1423.5 Pedestrian
2 27.0 768.0 1428.0 Pedestrian
3 27.0 762.0 1432.0 Pedestrian
4 27.0 756.0 1436.5 Pedestrian
5 27.0 750.0 1440.5 Pedestrian
6 27.0 742.0 1444.5 Pedestrian
7 27.0 734.0 1448.5 Pedestrian
8 27.0 728.0 1452.5 Pedestrian
9 27.0 718.5 1448.5 Pedestrian
10 27.0 710.5 1444.5 Pedestrian
11 27.0 703.0 1440.5 Pedestrian
12 27.0 695.0 1440.5 Pedestrian
13 27.0 686.0 1440.5 Pedestrian
14 27.0 677.0 1440.5 Pedestrian
15 27.0 670.0 1442.5 Pedestrian
16 27.0 661.0 1442.5 Pedestrian
17 27.0 654.0 1444.5 Pedestrian
18 27.0 646.0 1440.5 Pedestrian
19 27.0 638.0 1440.5 Pedestrian
20 27.0 630.0 1440.5 Pedestrian
21 27.0 622.0 1436.5 Pedestrian
22 27.0 614.0 1436.5 Pedestrian
23 27.0 608.0 1436.5 Pedestrian
24 27.0 598.0 1436.5 Pedestrian
25 27.0 588.0 1440.5 Pedestrian
26 27.0 578.0 1444.5 Pedestrian
27 27.0 570.0 1448.5 Pedestrian
28 27.0 579.0 1448.5 Pedestrian
29 27.0 589.0 1448.5 Pedestrian
30 27.0 599.0 1448.5 Pedestrian
31 27.0 609.0 1448.5 Pedestrian
32 27.0 619.0 1448.5 Pedestrian
33 27.0 628.0 1448.5 Pedestrian
34 27.0 638.0 1448.5 Pedestrian
35 27.0 649.0 1450.5 Pedestrian
36 27.0 659.0 1450.5 Pedestrian
37 27.0 669.0 1450.5 Pedestrian
38 27.0 678.0 1450.5 Pedestrian
39 27.0 688.0 1450.5 Pedestrian
40 27.0 698.0 1450.5 Pedestrian
41 27.0 708.0 1450.5 Pedestrian
42 27.0 717.5 1450.5 Pedestrian
43 27.0 728.0 1452.5 Pedestrian
0 28.0 750.0 1393.5 Pedestrian
1 28.0 744.0 1393.5 Pedestrian
2 28.0 738.0 1397.5 Pedestrian
3 28.0 732.0 1401.5 Pedestrian
4 28.0 726.5 1405.5 Pedestrian
5 28.0 720.5 1409.5 Pedestrian
6 28.0 707.0 1401.5 Pedestrian
7 28.0 693.0 1393.5 Pedestrian
8 28.0 681.0 1385.5 Pedestrian
9 28.0 675.0 1389.5 Pedestrian
10 28.0 669.0 1393.5 Pedestrian
11 28.0 663.0 1397.5 Pedestrian
12 28.0 657.0 1401.5 Pedestrian
13 28.0 647.0 1397.5 Pedestrian
14 28.0 639.0 1393.5 Pedestrian
15 28.0 631.0 1389.5 Pedestrian
16 28.0 623.0 1385.5 Pedestrian
17 28.0 615.0 1385.5 Pedestrian
18 28.0 607.0 1389.5 Pedestrian
19 28.0 599.0 1393.5 Pedestrian
20 28.0 593.0 1401.5 Pedestrian
21 28.0 585.0 1405.5 Pedestrian
22 28.0 577.0 1409.5 Pedestrian
23 28.0 571.0 1417.5 Pedestrian
24 28.0 559.0 1417.5 Pedestrian
25 28.0 549.0 1421.5 Pedestrian
26 28.0 539.0 1425.5 Pedestrian
27 28.0 529.0 1430.0 Pedestrian
28 28.0 537.0 1425.5 Pedestrian
29 28.0 547.0 1421.5 Pedestrian
30 28.0 557.0 1417.5 Pedestrian
31 28.0 567.0 1417.5 Pedestrian
32 28.0 575.0 1413.5 Pedestrian
33 28.0 585.0 1409.5 Pedestrian
34 28.0 595.0 1409.5 Pedestrian
35 28.0 605.0 1405.5 Pedestrian
36 28.0 613.0 1401.5 Pedestrian
37 28.0 623.0 1401.5 Pedestrian
38 28.0 633.0 1397.5 Pedestrian
39 28.0 643.0 1393.5 Pedestrian
40 28.0 651.0 1393.5 Pedestrian
41 28.0 661.0 1389.5 Pedestrian
42 28.0 671.0 1385.5 Pedestrian
43 28.0 681.0 1385.5 Pedestrian
0 29.0 475.0 1250.5 Biker
1 29.0 489.0 1254.5 Biker
2 29.0 503.0 1258.5 Biker
3 29.0 517.0 1262.5 Biker
4 29.0 533.0 1267.0 Biker
5 29.0 547.0 1271.0 Biker
6 29.0 561.0 1275.0 Biker
7 29.0 575.0 1279.0 Biker
8 29.0 591.0 1287.0 Biker
9 29.0 601.0 1291.0 Biker
10 29.0 613.0 1295.5 Biker
11 29.0 625.0 1303.5 Biker
12 29.0 635.0 1307.5 Biker
13 29.0 647.0 1315.5 Biker
14 29.0 659.0 1320.0 Biker
15 29.0 671.0 1328.0 Biker
16 29.0 681.0 1332.0 Biker
17 29.0 691.0 1336.0 Biker
18 29.0 700.5 1340.0 Biker
19 29.0 710.5 1344.5 Biker
20 29.0 722.5 1348.5 Biker
21 29.0 732.5 1340.0 Biker
22 29.0 744.0 1336.0 Biker
23 29.0 756.0 1332.0 Biker
24 29.0 768.0 1328.0 Biker
25 29.0 780.0 1324.0 Biker
26 29.0 790.0 1315.5 Biker
27 29.0 802.0 1311.5 Biker
28 29.0 814.0 1307.5 Biker
29 29.0 826.0 1303.5 Biker
30 29.0 838.0 1299.5 Biker
31 29.0 850.0 1295.5 Biker
32 29.0 866.0 1287.0 Biker
33 29.0 882.0 1279.0 Biker
34 29.0 900.0 1271.0 Biker
35 29.0 916.0 1262.5 Biker
36 29.0 934.0 1258.5 Biker
37 29.0 884.0 1262.5 Biker
38 29.0 834.0 1267.0 Biker
39 29.0 786.0 1271.0 Biker
40 29.0 736.5 1275.0 Biker
41 29.0 689.0 1279.0 Biker
42 29.0 639.0 1283.0 Biker
43 29.0 591.0 1287.0 Biker
0 30.0 884.0 1309.5 Pedestrian
1 30.0 884.0 1309.5 Pedestrian
2 30.0 884.0 1309.5 Pedestrian
3 30.0 884.0 1309.5 Pedestrian
4 30.0 884.0 1309.5 Pedestrian
5 30.0 884.0 1309.5 Pedestrian
6 30.0 884.0 1309.5 Pedestrian
7 30.0 884.0 1309.5 Pedestrian
8 30.0 884.0 1309.5 Pedestrian
9 30.0 884.0 1309.5 Pedestrian
10 30.0 884.0 1309.5 Pedestrian
11 30.0 884.0 1309.5 Pedestrian
12 30.0 884.0 1309.5 Pedestrian
13 30.0 884.0 1309.5 Pedestrian
14 30.0 884.0 1309.5 Pedestrian
15 30.0 880.0 1309.5 Pedestrian
16 30.0 868.0 1313.5 Pedestrian
17 30.0 858.0 1317.5 Pedestrian
18 30.0 848.0 1321.5 Pedestrian
19 30.0 836.0 1330.0 Pedestrian
20 30.0 826.0 1334.5 Pedestrian
21 30.0 812.0 1342.5 Pedestrian
22 30.0 800.0 1354.5 Pedestrian
23 30.0 788.0 1362.5 Pedestrian
24 30.0 774.0 1370.5 Pedestrian
25 30.0 760.0 1370.5 Pedestrian
26 30.0 746.0 1370.5 Pedestrian
27 30.0 732.0 1370.5 Pedestrian
28 30.0 718.5 1374.5 Pedestrian
29 30.0 705.0 1378.5 Pedestrian
30 30.0 693.0 1383.5 Pedestrian
31 30.0 679.0 1387.5 Pedestrian
32 30.0 667.0 1391.5 Pedestrian
33 30.0 655.0 1395.5 Pedestrian
34 30.0 643.0 1399.5 Pedestrian
35 30.0 629.0 1399.5 Pedestrian
36 30.0 615.0 1399.5 Pedestrian
37 30.0 601.0 1399.5 Pedestrian
38 30.0 589.0 1399.5 Pedestrian
39 30.0 577.0 1403.5 Pedestrian
40 30.0 565.0 1407.5 Pedestrian
41 30.0 555.0 1415.5 Pedestrian
42 30.0 541.0 1423.5 Pedestrian
43 30.0 521.0 1440.5 Pedestrian
28 31.0 149.0 1203.5 Biker
29 31.0 183.0 1207.5 Biker
30 31.0 213.0 1207.5 Biker
31 31.0 239.0 1195.5 Biker
32 31.0 265.0 1187.0 Biker
33 31.0 293.0 1179.0 Biker
34 31.0 323.0 1175.0 Biker
35 31.0 354.5 1170.5 Biker
36 31.0 386.0 1162.5 Biker
37 31.0 418.0 1142.5 Biker
38 31.0 448.0 1126.0 Biker
39 31.0 476.0 1113.5 Biker
40 31.0 504.0 1097.5 Biker
41 31.0 532.0 1073.0 Biker
42 31.0 560.0 1048.5 Biker
43 31.0 598.0 1007.5 Biker
28 32.0 180.0 1170.5 Biker
29 32.0 219.0 1170.5 Biker
30 32.0 259.0 1170.5 Biker
31 32.0 305.0 1179.0 Biker
32 32.0 348.5 1187.5 Biker
33 32.0 390.0 1199.5 Biker
34 32.0 424.0 1211.5 Biker
35 32.0 460.0 1228.0 Biker
36 32.0 496.0 1244.5 Biker
37 32.0 532.0 1272.5 Biker
38 32.0 572.0 1293.5 Biker
39 32.0 612.0 1305.5 Biker
40 32.0 648.0 1309.5 Biker
41 32.0 680.0 1301.5 Biker
42 32.0 711.5 1293.5 Biker
43 32.0 731.5 1289.5 Biker
0 34.0 488.0 860.5 Biker
1 34.0 488.0 856.5 Biker
2 34.0 490.0 856.5 Biker
3 34.0 492.0 856.5 Biker
4 34.0 494.0 852.5 Biker
5 34.0 494.0 852.5 Biker
6 34.0 496.0 852.5 Biker
7 34.0 498.0 848.5 Biker
8 34.0 500.0 848.5 Biker
9 34.0 500.0 848.5 Biker
10 34.0 502.0 844.5 Biker
11 34.0 504.0 844.5 Biker
12 34.0 506.0 844.5 Biker
13 34.0 506.0 840.5 Biker
14 34.0 508.0 840.5 Biker
15 34.0 510.0 840.5 Biker
16 34.0 512.0 840.5 Biker
17 34.0 512.0 836.5 Biker
18 34.0 514.0 836.5 Biker
19 34.0 516.0 836.5 Biker
20 34.0 518.0 832.5 Biker
21 34.0 518.0 832.5 Biker
22 34.0 520.0 832.5 Biker
23 34.0 522.0 828.0 Biker
24 34.0 524.0 828.0 Biker
25 34.0 524.0 828.0 Biker
26 34.0 526.0 823.5 Biker
27 34.0 528.0 823.5 Biker
28 34.0 530.0 823.5 Biker
29 34.0 530.0 819.5 Biker
30 34.0 532.0 819.5 Biker
31 34.0 534.0 819.5 Biker
32 34.0 536.0 819.5 Biker
33 34.0 556.0 803.5 Biker
34 34.0 576.0 787.5 Biker
35 34.0 596.0 775.0 Biker
36 34.0 616.0 758.5 Biker
37 34.0 636.0 742.5 Biker
38 34.0 656.0 730.0 Biker
39 34.0 676.0 713.5 Biker
40 34.0 695.5 697.5 Biker
41 34.0 715.5 685.5 Biker
42 34.0 735.5 668.5 Biker
43 34.0 757.0 656.5 Biker
