148 0.0 153.0 1063.0 Biker
149 0.0 213.0 1063.0 Biker
150 0.0 274.0 1063.0 Biker
151 0.0 333.0 1061.0 Biker
152 0.0 394.0 1060.5 Biker
153 0.0 455.5 1062.5 Biker
154 0.0 518.5 1062.5 Biker
155 0.0 581.5 1067.0 Biker
156 0.0 646.5 1071.0 Biker
157 0.0 698.0 1058.5 Biker
158 0.0 751.5 1046.5 Biker
159 0.0 805.5 1038.0 Biker
160 0.0 862.5 1031.5 Biker
161 0.0 920.5 1027.5 Biker
162 0.0 972.5 1040.0 Biker
163 0.0 1007.5 1040.0 Biker
164 0.0 1037.5 1023.5 Biker
165 0.0 1066.5 1023.5 Biker
166 0.0 1111.5 1040.0 Biker
167 0.0 1138.5 1040.0 Biker
168 0.0 1164.5 1027.5 Biker
169 0.0 1192.5 1040.0 Biker
150 1.0 1167.5 947.0 Biker
151 1.0 1167.5 947.0 Biker
152 1.0 1167.5 947.0 Biker
153 1.0 1167.5 947.0 Biker
154 1.0 1167.5 947.0 Biker
155 1.0 1167.5 947.0 Biker
156 1.0 1167.5 947.0 Biker
157 1.0 1167.5 947.0 Biker
158 1.0 1167.5 947.0 Biker
159 1.0 1167.5 947.0 Biker
160 1.0 1167.5 947.0 Biker
161 1.0 1167.5 947.0 Biker
162 1.0 1167.5 947.0 Biker
163 1.0 1167.5 947.0 Biker
164 1.0 1167.5 947.0 Biker
165 1.0 1167.5 947.0 Biker
166 1.0 1167.5 947.0 Biker
167 1.0 1167.5 947.0 Biker
168 1.0 1167.5 947.0 Biker
169 1.0 1167.5 947.0 Biker
170 1.0 1167.5 947.0 Biker
171 1.0 1167.5 947.0 Biker
172 1.0 1167.5 947.0 Biker
173 1.0 1167.5 947.0 Biker
174 1.0 1167.5 947.0 Biker
175 1.0 1167.5 947.0 Biker
176 1.0 1167.5 947.0 Biker
177 1.0 1167.5 947.0 Biker
178 1.0 1167.5 947.0 Biker
179 1.0 1167.5 947.0 Biker
180 1.0 1167.5 947.0 Biker
181 1.0 1167.5 947.0 Biker
182 1.0 1167.5 947.0 Biker
183 1.0 1167.5 947.0 Biker
184 1.0 1167.5 947.0 Biker
185 1.0 1167.5 947.0 Biker
186 1.0 1167.5 947.0 Biker
187 1.0 1167.5 947.0 Biker
188 1.0 1167.5 947.0 Biker
189 1.0 1167.5 947.0 Biker
190 1.0 1167.5 947.0 Biker
191 1.0 1167.5 947.0 Biker
192 1.0 1167.5 947.0 Biker
193 1.0 1167.5 947.0 Biker
194 1.0 1167.5 947.0 Biker
195 1.0 1167.5 947.0 Biker
196 1.0 1167.5 947.0 Biker
197 1.0 1139.5 947.0 Biker
198 1.0 1110.5 947.0 Biker
199 1.0 1080.5 947.0 Biker
200 1.0 1051.0 947.0 Biker
201 1.0 1011.5 959.5 Biker
202 1.0 973.5 970.0 Biker
203 1.0 945.5 970.0 Biker
204 1.0 912.0 965.5 Biker
205 1.0 876.5 965.5 Biker
206 1.0 843.5 961.5 Biker
207 1.0 808.5 961.5 Biker
208 1.0 780.5 961.5 Biker
209 1.0 752.5 965.5 Biker
210 1.0 723.0 965.5 Biker
211 1.0 693.5 965.5 Biker
212 1.0 660.0 965.5 Biker
213 1.0 628.5 961.5 Biker
214 1.0 595.5 961.5 Biker
215 1.0 565.5 961.5 Biker
216 1.0 535.5 961.5 Biker
217 1.0 506.5 965.5 Biker
218 1.0 476.5 965.5 Biker
219 1.0 447.0 965.5 Biker
220 1.0 424.5 970.0 Biker
50 2.0 1189.0 932.5 Biker
51 2.0 1187.0 932.5 Biker
52 2.0 1187.0 932.5 Biker
53 2.0 1187.0 932.5 Biker
54 2.0 1187.0 932.5 Biker
55 2.0 1187.0 932.5 Biker
56 2.0 1187.0 932.5 Biker
57 2.0 1187.0 932.5 Biker
58 2.0 1185.5 932.5 Biker
59 2.0 1185.5 932.5 Biker
60 2.0 1185.5 937.0 Biker
61 2.0 1184.5 937.0 Biker
62 2.0 1184.5 937.0 Biker
63 2.0 1184.5 941.0 Biker
64 2.0 1183.5 941.0 Biker
65 2.0 1183.5 943.0 Biker
66 2.0 1183.5 945.0 Biker
67 2.0 1182.5 945.0 Biker
68 2.0 1182.5 947.0 Biker
69 2.0 1182.5 949.5 Biker
70 2.0 1181.5 951.5 Biker
71 2.0 1181.5 951.5 Biker
72 2.0 1181.5 953.5 Biker
73 2.0 1180.5 955.5 Biker
74 2.0 1180.5 955.5 Biker
75 2.0 1180.5 959.5 Biker
76 2.0 1141.5 963.5 Biker
77 2.0 1113.0 963.5 Biker
78 2.0 1085.5 963.5 Biker
79 2.0 1056.5 963.5 Biker
80 2.0 1027.5 965.5 Biker
81 2.0 1000.0 970.0 Biker
82 2.0 972.5 974.0 Biker
83 2.0 944.5 978.0 Biker
84 2.0 916.5 982.5 Biker
85 2.0 887.0 986.5 Biker
86 2.0 857.5 986.5 Biker
87 2.0 826.0 986.5 Biker
88 2.0 796.5 986.5 Biker
89 2.0 764.5 986.5 Biker
90 2.0 735.0 986.5 Biker
91 2.0 703.5 994.5 Biker
92 2.0 674.0 1003.0 Biker
93 2.0 642.5 1007.0 Biker
94 2.0 611.0 1015.5 Biker
95 2.0 583.0 1023.5 Biker
96 2.0 555.5 1027.5 Biker
97 2.0 527.5 1032.0 Biker
98 2.0 499.5 1036.0 Biker
99 2.0 468.5 1040.0 Biker
100 2.0 438.5 1044.0 Biker
101 2.0 407.0 1044.0 Biker
102 2.0 377.5 1046.0 Biker
103 2.0 348.0 1048.0 Biker
104 2.0 318.5 1050.0 Biker
105 2.0 287.5 1052.0 Biker
106 2.0 254.5 1057.0 Biker
107 2.0 221.0 1057.0 Biker
108 2.0 185.5 1061.0 Biker
109 2.0 152.5 1065.0 Biker
196 2.0 145.0 1064.5 Biker
197 2.0 176.5 1081.5 Biker
198 2.0 209.5 1085.5 Biker
199 2.0 243.5 1081.5 Biker
200 2.0 278.5 1077.5 Biker
201 2.0 314.5 1073.5 Biker
202 2.0 351.5 1071.0 Biker
203 2.0 388.0 1069.0 Biker
204 2.0 424.0 1071.0 Biker
205 2.0 459.0 1071.0 Biker
206 2.0 492.0 1071.0 Biker
207 2.0 527.5 1071.0 Biker
208 2.0 561.0 1071.0 Biker
209 2.0 594.0 1071.0 Biker
210 2.0 626.0 1071.0 Biker
211 2.0 659.0 1071.0 Biker
212 2.0 690.5 1071.0 Biker
213 2.0 722.0 1067.0 Biker
214 2.0 753.5 1058.5 Biker
215 2.0 785.0 1054.5 Biker
216 2.0 815.0 1050.5 Biker
217 2.0 842.5 1046.0 Biker
218 2.0 870.0 1046.0 Biker
219 2.0 900.0 1038.0 Biker
220 2.0 935.0 1030.0 Biker
153 3.0 1181.5 1015.5 Biker
154 3.0 1157.5 1002.5 Biker
155 3.0 1133.5 994.5 Biker
156 3.0 1109.5 982.5 Biker
157 3.0 1087.0 974.0 Biker
158 3.0 1063.0 974.0 Biker
159 3.0 1039.0 974.0 Biker
160 3.0 1015.0 974.0 Biker
161 3.0 994.5 969.5 Biker
162 3.0 976.0 965.5 Biker
163 3.0 957.5 961.5 Biker
164 3.0 939.0 957.5 Biker
165 3.0 918.5 953.5 Biker
166 3.0 900.0 949.5 Biker
167 3.0 879.5 945.5 Biker
168 3.0 861.0 945.5 Biker
169 3.0 833.0 945.5 Biker
170 3.0 805.5 945.5 Biker
171 3.0 779.5 949.5 Biker
172 3.0 757.0 949.5 Biker
173 3.0 735.0 953.5 Biker
174 3.0 713.0 953.5 Biker
175 3.0 690.5 957.5 Biker
176 3.0 666.5 953.5 Biker
177 3.0 644.0 949.5 Biker
178 3.0 620.0 949.5 Biker
179 3.0 598.0 945.5 Biker
180 3.0 576.0 945.5 Biker
181 3.0 553.5 945.5 Biker
182 3.0 531.0 949.5 Biker
183 3.0 509.0 953.5 Biker
184 3.0 487.0 957.5 Biker
185 3.0 464.5 957.5 Biker
186 3.0 442.5 961.5 Biker
187 3.0 420.0 965.5 Biker
188 3.0 399.5 969.5 Biker
189 3.0 379.5 969.5 Biker
190 3.0 359.0 969.5 Biker
191 3.0 338.5 969.5 Biker
192 3.0 318.0 974.0 Biker
193 3.0 296.0 978.5 Biker
194 3.0 274.0 982.5 Biker
195 3.0 251.5 986.5 Biker
196 3.0 231.0 994.5 Biker
197 3.0 211.0 998.5 Biker
198 3.0 192.0 1002.5 Biker
199 3.0 173.5 1011.5 Biker
200 3.0 155.0 1007.0 Biker
201 3.0 142.0 1048.5 Biker
209 4.0 1061.0 1729.5 Biker
210 4.0 1055.5 1721.5 Biker
211 4.0 1046.5 1717.5 Biker
212 4.0 1044.5 1705.0 Biker
213 4.0 1042.5 1688.5 Biker
214 4.0 1033.5 1680.0 Biker
215 4.0 1024.0 1663.5 Biker
216 4.0 1015.0 1643.0 Biker
217 4.0 1005.5 1630.5 Biker
218 4.0 996.5 1614.0 Biker
219 4.0 985.0 1597.5 Biker
220 4.0 972.0 1577.0 Biker
100 5.0 137.5 1174.0 Pedestrian
101 5.0 148.5 1166.0 Pedestrian
102 5.0 159.5 1162.0 Pedestrian
103 5.0 172.5 1158.0 Pedestrian
104 5.0 183.5 1154.0 Pedestrian
105 5.0 195.0 1149.5 Pedestrian
106 5.0 208.0 1145.0 Pedestrian
107 5.0 219.0 1141.0 Pedestrian
108 5.0 232.0 1135.0 Pedestrian
109 5.0 243.5 1131.0 Pedestrian
110 5.0 256.5 1127.0 Pedestrian
111 5.0 269.0 1123.0 Pedestrian
112 5.0 284.0 1118.5 Pedestrian
113 5.0 298.5 1114.0 Pedestrian
114 5.0 311.5 1110.0 Pedestrian
115 5.0 326.5 1106.0 Pedestrian
116 5.0 339.5 1102.0 Pedestrian
117 5.0 352.5 1098.0 Pedestrian
118 5.0 363.5 1098.0 Pedestrian
119 5.0 376.5 1094.0 Pedestrian
120 5.0 389.5 1094.0 Pedestrian
121 5.0 400.5 1090.0 Pedestrian
122 5.0 413.5 1085.5 Pedestrian
123 5.0 426.5 1085.5 Pedestrian
124 5.0 439.5 1081.0 Pedestrian
125 5.0 452.5 1081.0 Pedestrian
126 5.0 467.5 1077.0 Pedestrian
127 5.0 480.5 1077.0 Pedestrian
128 5.0 493.5 1077.0 Pedestrian
129 5.0 508.0 1073.0 Pedestrian
130 5.0 521.0 1073.0 Pedestrian
131 5.0 534.0 1069.0 Pedestrian
132 5.0 547.0 1069.0 Pedestrian
133 5.0 560.0 1065.0 Pedestrian
134 5.0 573.0 1061.0 Pedestrian
135 5.0 586.0 1061.0 Pedestrian
136 5.0 597.0 1056.5 Pedestrian
137 5.0 610.0 1052.5 Pedestrian
138 5.0 623.0 1052.5 Pedestrian
139 5.0 636.0 1052.5 Pedestrian
140 5.0 650.5 1052.5 Pedestrian
141 5.0 663.5 1052.5 Pedestrian
142 5.0 676.5 1052.5 Pedestrian
143 5.0 689.5 1052.5 Pedestrian
144 5.0 702.5 1052.5 Pedestrian
145 5.0 715.5 1056.5 Pedestrian
146 5.0 728.5 1056.5 Pedestrian
147 5.0 739.5 1056.5 Pedestrian
148 5.0 750.5 1056.5 Pedestrian
149 5.0 763.5 1061.0 Pedestrian
150 5.0 773.0 1061.0 Pedestrian
151 5.0 781.5 1063.0 Pedestrian
152 5.0 791.0 1069.0 Pedestrian
153 5.0 800.0 1075.5 Pedestrian
154 5.0 809.5 1081.5 Pedestrian
155 5.0 827.5 1081.5 Pedestrian
156 5.0 846.5 1081.5 Pedestrian
157 5.0 864.5 1081.5 Pedestrian
158 5.0 885.0 1081.5 Pedestrian
159 5.0 892.5 1089.5 Pedestrian
160 5.0 900.0 1098.0 Pedestrian
161 5.0 907.5 1081.5 Pedestrian
162 5.0 920.5 1081.5 Pedestrian
163 5.0 929.5 1069.0 Pedestrian
164 5.0 939.0 1056.5 Pedestrian
165 5.0 950.0 1044.5 Pedestrian
166 5.0 964.5 1040.0 Pedestrian
167 5.0 979.5 1036.0 Pedestrian
168 5.0 994.5 1031.5 Pedestrian
169 5.0 1003.5 1023.5 Pedestrian
170 5.0 1013.0 1015.5 Pedestrian
171 5.0 1024.0 1007.0 Pedestrian
172 5.0 1031.5 1003.0 Pedestrian
173 5.0 1040.5 1003.0 Pedestrian
174 5.0 1050.0 1003.0 Pedestrian
175 5.0 1059.5 1003.0 Pedestrian
176 5.0 1068.5 1003.0 Pedestrian
177 5.0 1077.5 1003.0 Pedestrian
178 5.0 1090.5 998.5 Pedestrian
179 5.0 1103.5 994.5 Pedestrian
180 5.0 1116.5 990.5 Pedestrian
181 5.0 1129.5 986.5 Pedestrian
182 5.0 1142.5 986.5 Pedestrian
183 5.0 1161.5 982.5 Pedestrian
184 5.0 1166.5 982.5 Pedestrian
185 5.0 1178.0 974.0 Pedestrian
186 5.0 1190.5 970.0 Pedestrian
188 5.0 1187.0 986.5 Pedestrian
189 5.0 1187.0 986.5 Pedestrian
190 5.0 1187.0 986.5 Pedestrian
191 5.0 1187.0 986.5 Pedestrian
192 5.0 1187.0 986.5 Pedestrian
193 5.0 1187.0 986.5 Pedestrian
194 5.0 1187.0 986.5 Pedestrian
195 5.0 1187.0 986.5 Pedestrian
196 5.0 1187.0 986.5 Pedestrian
197 5.0 1187.0 986.5 Pedestrian
198 5.0 1187.0 986.5 Pedestrian
199 5.0 1187.0 986.5 Pedestrian
200 5.0 1187.0 986.5 Pedestrian
201 5.0 1187.5 978.0 Pedestrian
202 5.0 1187.0 972.0 Pedestrian
203 5.0 1187.0 963.5 Pedestrian
204 5.0 1187.0 957.5 Pedestrian
205 5.0 1188.0 951.5 Pedestrian
206 5.0 1188.0 943.5 Pedestrian
207 5.0 1188.5 936.5 Pedestrian
208 5.0 1189.0 930.5 Pedestrian
209 5.0 1178.5 930.5 Pedestrian
210 5.0 1165.5 926.5 Pedestrian
211 5.0 1152.5 926.5 Pedestrian
212 5.0 1139.5 926.5 Pedestrian
213 5.0 1127.0 930.5 Pedestrian
214 5.0 1112.0 934.5 Pedestrian
215 5.0 1097.5 926.5 Pedestrian
216 5.0 1082.5 922.5 Pedestrian
217 5.0 1073.5 922.5 Pedestrian
218 5.0 1064.0 922.5 Pedestrian
219 5.0 1051.5 920.5 Pedestrian
220 5.0 1039.0 916.0 Pedestrian
200 6.0 234.5 1011.5 Pedestrian
201 6.0 238.5 1007.0 Pedestrian
202 6.0 242.5 1005.0 Pedestrian
203 6.0 246.5 1000.5 Pedestrian
204 6.0 250.5 1000.5 Pedestrian
205 6.0 258.0 1003.0 Pedestrian
206 6.0 266.5 1007.0 Pedestrian
207 6.0 273.5 1003.0 Pedestrian
208 6.0 283.0 1003.0 Pedestrian
209 6.0 290.5 1003.0 Pedestrian
210 6.0 299.5 1003.0 Pedestrian
211 6.0 305.5 986.5 Pedestrian
212 6.0 310.5 970.0 Pedestrian
213 6.0 312.5 961.5 Pedestrian
214 6.0 312.5 957.5 Pedestrian
215 6.0 316.5 953.5 Pedestrian
216 6.0 318.5 945.0 Pedestrian
217 6.0 320.0 941.0 Pedestrian
218 6.0 322.0 936.5 Pedestrian
219 6.0 323.5 928.5 Pedestrian
220 6.0 325.5 920.5 Pedestrian
150 7.0 242.5 996.5 Pedestrian
151 7.0 242.5 996.5 Pedestrian
152 7.0 242.5 996.5 Pedestrian
153 7.0 242.5 996.5 Pedestrian
154 7.0 242.5 996.5 Pedestrian
155 7.0 242.5 996.5 Pedestrian
156 7.0 242.5 996.5 Pedestrian
157 7.0 242.5 996.5 Pedestrian
158 7.0 242.5 996.5 Pedestrian
159 7.0 242.5 996.5 Pedestrian
160 7.0 242.5 996.5 Pedestrian
161 7.0 242.5 996.5 Pedestrian
162 7.0 242.5 996.5 Pedestrian
163 7.0 242.5 996.5 Pedestrian
164 7.0 242.5 996.5 Pedestrian
165 7.0 242.5 996.5 Pedestrian
166 7.0 242.5 996.5 Pedestrian
167 7.0 242.5 996.5 Pedestrian
168 7.0 242.5 996.5 Pedestrian
169 7.0 242.5 996.5 Pedestrian
170 7.0 242.5 996.5 Pedestrian
171 7.0 242.5 996.5 Pedestrian
172 7.0 242.5 996.5 Pedestrian
173 7.0 242.5 996.5 Pedestrian
174 7.0 242.5 996.5 Pedestrian
175 7.0 242.5 996.5 Pedestrian
176 7.0 242.5 996.5 Pedestrian
177 7.0 242.5 996.5 Pedestrian
178 7.0 242.5 996.5 Pedestrian
179 7.0 242.5 996.5 Pedestrian
180 7.0 242.5 996.5 Pedestrian
181 7.0 242.5 996.5 Pedestrian
182 7.0 242.5 996.5 Pedestrian
183 7.0 242.5 996.5 Pedestrian
184 7.0 242.5 996.5 Pedestrian
185 7.0 242.5 996.5 Pedestrian
186 7.0 242.5 996.5 Pedestrian
187 7.0 242.5 996.5 Pedestrian
188 7.0 242.5 996.5 Pedestrian
189 7.0 242.5 996.5 Pedestrian
190 7.0 242.5 996.5 Pedestrian
191 7.0 242.5 996.5 Pedestrian
192 7.0 242.5 996.5 Pedestrian
193 7.0 242.5 996.5 Pedestrian
194 7.0 242.5 996.5 Pedestrian
195 7.0 242.5 996.5 Pedestrian
196 7.0 242.5 996.5 Pedestrian
197 7.0 242.5 996.5 Pedestrian
198 7.0 249.5 1000.5 Pedestrian
199 7.0 268.5 1017.5 Pedestrian
200 7.0 270.0 1021.5 Pedestrian
201 7.0 266.5 1009.0 Pedestrian
202 7.0 273.5 1007.0 Pedestrian
203 7.0 280.5 1001.0 Pedestrian
204 7.0 286.5 999.0 Pedestrian
205 7.0 288.0 995.0 Pedestrian
206 7.0 281.0 1023.5 Pedestrian
207 7.0 297.0 1001.0 Pedestrian
208 7.0 313.0 978.0 Pedestrian
209 7.0 317.0 976.0 Pedestrian
210 7.0 321.0 976.0 Pedestrian
211 7.0 325.0 968.0 Pedestrian
212 7.0 328.0 957.5 Pedestrian
213 7.0 329.0 976.0 Pedestrian
214 7.0 338.0 941.0 Pedestrian
215 7.0 339.5 935.0 Pedestrian
216 7.0 343.0 924.5 Pedestrian
217 7.0 346.0 936.5 Pedestrian
218 7.0 351.5 953.5 Pedestrian
219 7.0 351.5 897.5 Pedestrian
220 7.0 358.5 893.0 Pedestrian
54 8.0 138.5 1137.0 Pedestrian
55 8.0 147.5 1141.0 Pedestrian
56 8.0 158.5 1141.0 Pedestrian
57 8.0 170.0 1137.0 Pedestrian
58 8.0 181.0 1133.0 Pedestrian
59 8.0 192.5 1133.0 Pedestrian
60 8.0 203.5 1129.0 Pedestrian
61 8.0 214.5 1125.0 Pedestrian
62 8.0 223.5 1120.5 Pedestrian
63 8.0 231.0 1112.0 Pedestrian
64 8.0 238.5 1104.0 Pedestrian
65 8.0 246.0 1096.0 Pedestrian
66 8.0 255.5 1083.5 Pedestrian
67 8.0 262.5 1075.0 Pedestrian
68 8.0 270.0 1067.0 Pedestrian
69 8.0 277.5 1058.5 Pedestrian
70 8.0 284.5 1050.5 Pedestrian
71 8.0 292.5 1042.0 Pedestrian
72 8.0 299.5 1036.0 Pedestrian
73 8.0 308.0 1028.0 Pedestrian
74 8.0 315.5 1019.5 Pedestrian
75 8.0 322.5 1011.0 Pedestrian
76 8.0 331.5 1005.0 Pedestrian
77 8.0 338.5 997.0 Pedestrian
78 8.0 345.5 988.0 Pedestrian
79 8.0 355.5 982.0 Pedestrian
80 8.0 364.5 974.0 Pedestrian
81 8.0 373.5 966.0 Pedestrian
82 8.0 383.0 962.0 Pedestrian
83 8.0 392.5 953.0 Pedestrian
84 8.0 401.5 945.0 Pedestrian
85 8.0 410.5 937.0 Pedestrian
86 8.0 420.5 933.0 Pedestrian
87 8.0 429.5 924.0 Pedestrian
88 8.0 438.5 916.0 Pedestrian
89 8.0 446.0 908.0 Pedestrian
90 8.0 455.5 900.0 Pedestrian
91 8.0 462.5 895.5 Pedestrian
92 8.0 470.5 887.0 Pedestrian
93 8.0 477.5 879.0 Pedestrian
94 8.0 484.5 871.0 Pedestrian
95 8.0 492.5 862.5 Pedestrian
96 8.0 499.5 854.0 Pedestrian
97 8.0 505.5 846.0 Pedestrian
98 8.0 512.5 838.0 Pedestrian
99 8.0 518.5 825.0 Pedestrian
100 8.0 523.5 817.0 Pedestrian
101 8.0 525.5 805.0 Pedestrian
102 8.0 527.5 792.0 Pedestrian
103 8.0 530.5 780.0 Pedestrian
104 8.0 532.5 767.5 Pedestrian
105 8.0 535.0 757.0 Pedestrian
106 8.0 536.5 745.0 Pedestrian
107 8.0 539.5 734.5 Pedestrian
108 8.0 541.5 722.0 Pedestrian
109 8.0 543.5 710.0 Pedestrian
110 8.0 547.0 699.0 Pedestrian
111 8.0 549.0 687.0 Pedestrian
112 8.0 551.5 675.0 Pedestrian
113 8.0 553.5 662.0 Pedestrian
114 8.0 556.0 652.0 Pedestrian
115 8.0 558.0 642.0 Pedestrian
116 8.0 560.0 629.0 Pedestrian
117 8.0 563.0 617.0 Pedestrian
118 8.0 565.0 604.0 Pedestrian
119 8.0 568.0 592.0 Pedestrian
120 8.0 570.0 584.0 Pedestrian
121 8.0 573.0 571.0 Pedestrian
122 8.0 575.0 559.0 Pedestrian
123 8.0 578.0 547.0 Pedestrian
124 8.0 579.0 534.0 Pedestrian
125 8.0 581.0 524.0 Pedestrian
126 8.0 584.0 511.5 Pedestrian
127 8.0 586.0 501.0 Pedestrian
128 8.0 588.5 489.0 Pedestrian
129 8.0 591.5 476.0 Pedestrian
130 8.0 594.0 464.0 Pedestrian
131 8.0 596.0 454.0 Pedestrian
132 8.0 598.0 441.0 Pedestrian
133 8.0 600.5 431.0 Pedestrian
134 8.0 602.5 419.0 Pedestrian
135 8.0 605.5 406.0 Pedestrian
136 8.0 607.5 396.0 Pedestrian
137 8.0 610.0 383.5 Pedestrian
138 8.0 612.5 371.0 Pedestrian
139 8.0 614.5 359.0 Pedestrian
140 8.0 617.5 348.0 Pedestrian
141 8.0 619.5 338.0 Pedestrian
142 8.0 622.5 326.0 Pedestrian
143 8.0 623.5 317.5 Pedestrian
144 8.0 623.5 313.0 Pedestrian
145 8.0 623.5 309.0 Pedestrian
146 8.0 623.5 305.0 Pedestrian
147 8.0 623.5 301.0 Pedestrian
148 8.0 623.5 297.0 Pedestrian
149 8.0 623.5 297.0 Pedestrian
150 8.0 623.5 297.0 Pedestrian
151 8.0 623.5 297.0 Pedestrian
152 8.0 623.5 297.0 Pedestrian
153 8.0 623.5 297.0 Pedestrian
0 9.0 336.5 1044.0 Biker
1 9.0 309.0 1044.0 Biker
2 9.0 283.0 1048.0 Biker
3 9.0 255.5 1048.0 Biker
4 9.0 229.5 1052.5 Biker
5 9.0 201.5 1056.5 Biker
6 9.0 175.5 1056.5 Biker
7 9.0 147.5 1061.0 Biker
0 10.0 528.5 1094.0 Biker
1 10.0 548.5 1094.0 Biker
2 10.0 571.5 1094.0 Biker
3 10.0 593.5 1094.0 Biker
4 10.0 613.5 1094.0 Biker
5 10.0 634.5 1085.5 Biker
6 10.0 652.5 1073.0 Biker
7 10.0 671.5 1065.0 Biker
8 10.0 689.5 1056.5 Biker
9 10.0 708.5 1048.0 Biker
10 10.0 726.5 1036.0 Biker
11 10.0 745.5 1028.0 Biker
12 10.0 763.5 1019.5 Biker
13 10.0 765.5 1003.0 Biker
14 10.0 765.5 982.0 Biker
15 10.0 765.5 966.0 Biker
16 10.0 756.5 949.0 Biker
17 10.0 747.5 933.0 Biker
18 10.0 737.5 916.0 Biker
19 10.0 728.5 899.5 Biker
20 10.0 719.5 883.0 Biker
21 10.0 702.5 883.0 Biker
22 10.0 686.0 883.0 Biker
23 10.0 669.5 891.5 Biker
24 10.0 650.5 899.5 Biker
25 10.0 632.5 912.0 Biker
26 10.0 613.5 920.0 Biker
27 10.0 595.5 933.0 Biker
28 10.0 576.5 941.0 Biker
29 10.0 558.5 953.5 Biker
30 10.0 539.5 961.5 Biker
31 10.0 515.5 970.0 Biker
32 10.0 491.5 978.0 Biker
33 10.0 465.5 982.0 Biker
34 10.0 439.5 990.5 Biker
35 10.0 413.5 999.0 Biker
36 10.0 389.5 1003.0 Biker
37 10.0 363.5 1011.0 Biker
38 10.0 337.5 1019.5 Biker
39 10.0 311.5 1023.5 Biker
40 10.0 285.5 1032.0 Biker
41 10.0 261.5 1040.0 Biker
42 10.0 235.5 1044.0 Biker
43 10.0 209.5 1052.5 Biker
44 10.0 183.5 1061.0 Biker
45 10.0 147.0 1044.0 Biker
0 11.0 542.5 1034.0 Biker
1 11.0 511.0 1034.0 Biker
2 11.0 481.0 1038.0 Biker
3 11.0 451.5 1042.0 Biker
4 11.0 422.0 1046.0 Biker
5 11.0 392.0 1048.0 Biker
6 11.0 368.0 1052.5 Biker
7 11.0 342.0 1052.5 Biker
8 11.0 318.0 1052.5 Biker
9 11.0 294.0 1052.5 Biker
10 11.0 268.0 1052.5 Biker
11 11.0 244.0 1052.5 Biker
12 11.0 220.0 1056.5 Biker
13 11.0 188.5 1052.5 Biker
14 11.0 157.0 1048.0 Biker
31 11.0 135.0 1036.0 Biker
32 11.0 147.0 1036.0 Biker
33 11.0 158.0 1036.0 Biker
34 11.0 169.0 1040.0 Biker
35 11.0 180.0 1040.0 Biker
36 11.0 192.0 1040.0 Biker
37 11.0 204.0 1040.0 Biker
38 11.0 215.0 1040.0 Biker
39 11.0 227.0 1040.0 Biker
40 11.0 238.5 1040.0 Biker
41 11.0 250.0 1044.0 Biker
42 11.0 262.0 1044.0 Biker
43 11.0 273.0 1044.0 Biker
44 11.0 285.0 1044.0 Biker
45 11.0 296.0 1044.0 Biker
46 11.0 308.0 1044.0 Biker
47 11.0 319.0 1048.0 Biker
48 11.0 330.0 1048.0 Biker
49 11.0 342.0 1048.0 Biker
50 11.0 353.5 1048.0 Biker
51 11.0 365.5 1048.0 Biker
52 11.0 377.5 1048.0 Biker
53 11.0 388.5 1048.0 Biker
0 12.0 714.5 1048.5 Biker
1 12.0 687.0 1048.5 Biker
2 12.0 661.0 1048.5 Biker
3 12.0 633.5 1050.5 Biker
4 12.0 607.5 1050.5 Biker
5 12.0 579.5 1050.5 Biker
6 12.0 553.5 1052.5 Biker
7 12.0 525.5 1052.5 Biker
8 12.0 499.5 1052.5 Biker
9 12.0 472.0 1054.5 Biker
10 12.0 446.0 1054.5 Biker
11 12.0 420.0 1054.5 Biker
12 12.0 392.5 1058.5 Biker
13 12.0 366.5 1058.5 Biker
14 12.0 338.5 1058.5 Biker
15 12.0 312.5 1058.5 Biker
16 12.0 284.5 1058.5 Biker
17 12.0 259.0 1058.5 Biker
18 12.0 231.0 1058.5 Biker
19 12.0 205.5 1058.5 Biker
20 12.0 177.5 1058.5 Biker
21 12.0 151.5 1058.5 Biker
0 13.0 726.0 1005.0 Biker
1 13.0 698.0 1005.0 Biker
2 13.0 670.0 1005.0 Biker
3 13.0 642.5 1005.0 Biker
4 13.0 615.0 1007.0 Biker
5 13.0 589.0 1009.0 Biker
6 13.0 561.0 1009.0 Biker
7 13.0 533.0 1009.0 Biker
8 13.0 505.0 1011.0 Biker
9 13.0 477.5 1011.0 Biker
10 13.0 451.5 1013.0 Biker
11 13.0 424.0 1013.0 Biker
12 13.0 396.0 1015.0 Biker
13 13.0 368.0 1015.0 Biker
14 13.0 340.0 1015.0 Biker
15 13.0 314.5 1019.5 Biker
16 13.0 287.0 1019.5 Biker
17 13.0 260.0 1019.5 Biker
18 13.0 233.0 1019.5 Biker
19 13.0 205.0 1019.5 Biker
20 13.0 178.5 1019.5 Biker
21 13.0 151.5 1019.5 Biker
23 14.0 170.0 1081.5 Biker
24 14.0 222.0 1073.0 Biker
25 14.0 275.5 1069.0 Biker
26 14.0 335.5 1063.0 Biker
27 14.0 389.5 1059.0 Biker
28 14.0 444.5 1059.0 Biker
29 14.0 498.5 1056.5 Biker
30 14.0 553.5 1056.5 Biker
31 14.0 609.0 1056.5 Biker
32 14.0 666.5 1061.0 Biker
33 14.0 724.0 1065.0 Biker
34 14.0 781.5 1065.0 Biker
35 14.0 837.0 1061.0 Biker
36 14.0 892.5 1056.5 Biker
37 14.0 944.5 1056.5 Biker
38 14.0 998.0 1061.0 Biker
39 14.0 1050.0 1061.0 Biker
40 14.0 1098.0 1056.5 Biker
41 14.0 1146.5 1052.5 Biker
42 14.0 1168.5 1050.0 Biker
43 14.0 1184.5 1050.0 Biker
44 14.0 1184.5 1050.0 Biker
45 14.0 1184.5 1050.0 Biker
46 14.0 1184.5 1050.0 Biker
47 14.0 1184.5 1050.0 Biker
48 14.0 1184.5 1050.0 Biker
49 14.0 1184.5 1050.0 Biker
50 14.0 1184.5 1050.0 Biker
51 14.0 1184.5 1050.0 Biker
52 14.0 1184.5 1050.0 Biker
53 14.0 1184.5 1050.0 Biker
0 15.0 780.5 953.0 Biker
1 15.0 769.0 951.0 Biker
2 15.0 759.0 951.0 Biker
3 15.0 749.0 949.0 Biker
4 15.0 739.0 949.0 Biker
5 15.0 728.5 949.0 Biker
6 15.0 718.5 947.0 Biker
7 15.0 708.0 947.0 Biker
8 15.0 698.0 945.0 Biker
9 15.0 688.0 945.0 Biker
10 15.0 677.5 945.0 Biker
11 15.0 666.5 943.0 Biker
12 15.0 657.0 943.0 Biker
13 15.0 646.0 941.0 Biker
14 15.0 637.0 941.0 Biker
15 15.0 626.0 941.0 Biker
16 15.0 616.5 939.0 Biker
17 15.0 605.5 939.0 Biker
18 15.0 596.0 936.5 Biker
19 15.0 585.0 936.5 Biker
20 15.0 575.5 938.5 Biker
21 15.0 558.0 961.5 Biker
22 15.0 543.0 978.0 Biker
23 15.0 538.0 964.0 Biker
24 15.0 534.0 949.0 Biker
25 15.0 524.0 951.0 Biker
26 15.0 515.0 955.0 Biker
27 15.0 505.0 960.0 Biker
28 15.0 496.0 964.0 Biker
29 15.0 487.0 968.0 Biker
30 15.0 477.5 972.0 Biker
31 15.0 467.0 976.0 Biker
32 15.0 458.0 980.0 Biker
33 15.0 449.0 984.0 Biker
34 15.0 440.0 988.0 Biker
35 15.0 431.0 993.0 Biker
36 15.0 422.0 997.0 Biker
37 15.0 412.0 1001.0 Biker
38 15.0 402.5 1003.0 Biker
39 15.0 393.0 1007.0 Biker
40 15.0 386.0 972.0 Biker
41 15.0 374.5 976.0 Biker
42 15.0 364.5 984.0 Biker
43 15.0 354.5 990.5 Biker
44 15.0 344.5 997.0 Biker
45 15.0 333.5 1003.0 Biker
46 15.0 323.5 1011.0 Biker
47 15.0 313.5 1017.5 Biker
48 15.0 302.5 1023.5 Biker
49 15.0 292.0 1032.0 Biker
50 15.0 282.0 1036.0 Biker
51 15.0 272.0 1044.0 Biker
52 15.0 249.0 1056.5 Biker
53 15.0 263.5 1019.5 Biker
50 17.0 288.5 1005.0 Pedestrian
51 17.0 281.5 1001.0 Pedestrian
52 17.0 273.5 1001.0 Pedestrian
53 17.0 266.5 997.0 Pedestrian
54 17.0 260.5 997.0 Pedestrian
55 17.0 253.5 997.0 Pedestrian
56 17.0 245.5 992.5 Pedestrian
57 17.0 240.5 992.5 Pedestrian
58 17.0 232.5 992.5 Pedestrian
59 17.0 225.5 988.5 Pedestrian
60 17.0 220.0 988.5 Pedestrian
61 17.0 212.5 988.5 Pedestrian
62 17.0 207.0 984.0 Pedestrian
63 17.0 203.5 984.0 Pedestrian
64 17.0 199.5 984.0 Pedestrian
65 17.0 195.5 984.0 Pedestrian
66 17.0 192.5 984.0 Pedestrian
67 17.0 188.5 984.0 Pedestrian
68 17.0 184.5 984.0 Pedestrian
69 17.0 181.5 984.0 Pedestrian
70 17.0 175.5 980.0 Pedestrian
71 17.0 171.5 980.0 Pedestrian
72 17.0 168.5 980.0 Pedestrian
73 17.0 164.5 980.0 Pedestrian
74 17.0 160.5 980.0 Pedestrian
75 17.0 157.0 980.0 Pedestrian
76 17.0 153.5 980.0 Pedestrian
77 17.0 149.5 980.0 Pedestrian
78 17.0 149.5 980.0 Pedestrian
79 17.0 149.5 980.0 Pedestrian
80 17.0 149.5 980.0 Pedestrian
81 17.0 149.5 980.0 Pedestrian
82 17.0 149.5 980.0 Pedestrian
83 17.0 149.5 980.0 Pedestrian
84 17.0 149.5 980.0 Pedestrian
85 17.0 149.5 980.0 Pedestrian
86 17.0 149.5 980.0 Pedestrian
87 17.0 149.5 980.0 Pedestrian
88 17.0 149.5 980.0 Pedestrian
89 17.0 149.5 980.0 Pedestrian
90 17.0 149.5 980.0 Pedestrian
91 17.0 149.5 980.0 Pedestrian
92 17.0 149.5 980.0 Pedestrian
93 17.0 149.5 980.0 Pedestrian
94 17.0 149.5 980.0 Pedestrian
95 17.0 149.5 980.0 Pedestrian
96 17.0 149.5 980.0 Pedestrian
97 17.0 149.5 980.0 Pedestrian
98 17.0 149.5 980.0 Pedestrian
99 17.0 149.5 980.0 Pedestrian
100 17.0 149.5 980.0 Pedestrian
101 17.0 149.5 980.0 Pedestrian
102 17.0 149.5 980.0 Pedestrian
103 17.0 149.5 980.0 Pedestrian
50 18.0 289.5 1050.0 Pedestrian
51 18.0 280.5 1046.0 Pedestrian
52 18.0 272.5 1042.0 Pedestrian
53 18.0 263.5 1042.0 Pedestrian
54 18.0 256.5 1038.0 Pedestrian
55 18.0 248.5 1034.0 Pedestrian
56 18.0 245.0 1034.0 Pedestrian
57 18.0 239.5 1034.0 Pedestrian
58 18.0 233.5 1034.0 Pedestrian
59 18.0 228.5 1034.0 Pedestrian
60 18.0 222.5 1034.0 Pedestrian
61 18.0 217.5 1030.0 Pedestrian
62 18.0 211.5 1026.0 Pedestrian
63 18.0 207.5 1021.5 Pedestrian
64 18.0 202.5 1017.0 Pedestrian
65 18.0 196.5 1013.0 Pedestrian
66 18.0 191.5 1011.0 Pedestrian
67 18.0 185.5 1011.0 Pedestrian
68 18.0 180.5 1011.0 Pedestrian
69 18.0 174.5 1011.0 Pedestrian
70 18.0 169.0 1009.0 Pedestrian
71 18.0 163.5 1009.0 Pedestrian
72 18.0 158.0 1009.0 Pedestrian
73 18.0 154.0 1005.0 Pedestrian
74 18.0 152.5 1001.0 Pedestrian
75 18.0 148.5 997.0 Pedestrian
76 18.0 147.0 997.0 Pedestrian
77 18.0 145.0 993.0 Pedestrian
78 18.0 143.0 993.0 Pedestrian
79 18.0 141.0 993.0 Pedestrian
80 18.0 141.0 993.0 Pedestrian
81 18.0 141.0 993.0 Pedestrian
82 18.0 141.0 993.0 Pedestrian
83 18.0 141.0 993.0 Pedestrian
84 18.0 141.0 993.0 Pedestrian
85 18.0 141.0 993.0 Pedestrian
86 18.0 141.0 993.0 Pedestrian
87 18.0 141.0 993.0 Pedestrian
88 18.0 141.0 993.0 Pedestrian
89 18.0 141.0 993.0 Pedestrian
90 18.0 141.0 993.0 Pedestrian
91 18.0 141.0 993.0 Pedestrian
92 18.0 141.0 993.0 Pedestrian
93 18.0 141.0 993.0 Pedestrian
94 18.0 141.0 993.0 Pedestrian
95 18.0 141.0 993.0 Pedestrian
96 18.0 141.0 993.0 Pedestrian
97 18.0 141.0 993.0 Pedestrian
98 18.0 141.0 993.0 Pedestrian
99 18.0 141.0 993.0 Pedestrian
100 18.0 141.0 993.0 Pedestrian
101 18.0 141.0 993.0 Pedestrian
102 18.0 141.0 993.0 Pedestrian
103 18.0 141.0 993.0 Pedestrian
50 19.0 1191.0 926.5 Pedestrian
51 19.0 1191.0 926.5 Pedestrian
52 19.0 1191.0 926.5 Pedestrian
53 19.0 1191.0 926.5 Pedestrian
54 19.0 1191.0 926.5 Pedestrian
55 19.0 1191.0 926.5 Pedestrian
56 19.0 1191.0 926.5 Pedestrian
57 19.0 1191.0 926.5 Pedestrian
58 19.0 1179.5 926.5 Pedestrian
59 19.0 1168.5 926.5 Pedestrian
60 19.0 1157.5 926.5 Pedestrian
61 19.0 1146.5 926.5 Pedestrian
62 19.0 1135.0 926.5 Pedestrian
63 19.0 1126.0 930.5 Pedestrian
64 19.0 1116.5 926.5 Pedestrian
65 19.0 1109.5 922.5 Pedestrian
66 19.0 1102.0 922.5 Pedestrian
67 19.0 1094.5 918.5 Pedestrian
68 19.0 1087.0 918.5 Pedestrian
69 19.0 1078.0 914.0 Pedestrian
70 19.0 1066.5 914.0 Pedestrian
71 19.0 1055.5 910.0 Pedestrian
72 19.0 1044.5 910.0 Pedestrian
73 19.0 1033.5 905.5 Pedestrian
74 19.0 1022.0 905.5 Pedestrian
75 19.0 1011.0 905.5 Pedestrian
76 19.0 1000.0 910.0 Pedestrian
77 19.0 989.0 914.0 Pedestrian
78 19.0 979.5 918.5 Pedestrian
79 19.0 968.5 922.5 Pedestrian
80 19.0 957.5 922.5 Pedestrian
81 19.0 948.0 922.5 Pedestrian
82 19.0 937.0 918.5 Pedestrian
83 19.0 926.0 918.5 Pedestrian
84 19.0 916.5 918.5 Pedestrian
85 19.0 905.5 918.5 Pedestrian
86 19.0 894.5 918.5 Pedestrian
87 19.0 883.5 918.5 Pedestrian
88 19.0 872.0 918.5 Pedestrian
89 19.0 863.0 918.5 Pedestrian
90 19.0 848.0 918.5 Pedestrian
91 19.0 833.0 922.5 Pedestrian
92 19.0 818.5 926.5 Pedestrian
93 19.0 803.5 930.5 Pedestrian
94 19.0 789.0 934.5 Pedestrian
95 19.0 776.0 934.5 Pedestrian
96 19.0 763.0 939.0 Pedestrian
97 19.0 751.5 939.0 Pedestrian
98 19.0 739.0 943.0 Pedestrian
99 19.0 726.0 943.0 Pedestrian
100 19.0 714.5 943.0 Pedestrian
101 19.0 705.5 943.0 Pedestrian
102 19.0 694.5 943.0 Pedestrian
103 19.0 713.0 943.0 Pedestrian
50 20.0 1000.0 1083.5 Biker
51 20.0 1000.0 1083.5 Biker
52 20.0 1000.0 1083.5 Biker
53 20.0 1000.0 1083.5 Biker
54 20.0 1000.0 1083.5 Biker
55 20.0 1000.0 1083.5 Biker
56 20.0 1000.0 1083.5 Biker
57 20.0 1000.0 1083.5 Biker
58 20.0 1000.0 1083.5 Biker
59 20.0 1000.0 1083.5 Biker
60 20.0 1000.0 1083.5 Biker
61 20.0 1000.0 1083.5 Biker
62 20.0 1000.0 1083.5 Biker
63 20.0 1000.0 1083.5 Biker
64 20.0 1000.0 1083.5 Biker
65 20.0 1000.0 1083.5 Biker
66 20.0 1000.0 1083.5 Biker
67 20.0 1000.0 1083.5 Biker
68 20.0 1000.0 1083.5 Biker
69 20.0 1000.0 1083.5 Biker
70 20.0 1000.0 1083.5 Biker
71 20.0 1000.0 1083.5 Biker
72 20.0 1000.0 1083.5 Biker
73 20.0 1000.0 1083.5 Biker
74 20.0 1000.0 1083.5 Biker
75 20.0 1000.0 1083.5 Biker
76 20.0 1000.0 1083.5 Biker
77 20.0 1000.0 1083.5 Biker
78 20.0 1000.0 1083.5 Biker
79 20.0 1000.0 1083.5 Biker
80 20.0 1000.0 1083.5 Biker
81 20.0 1000.0 1083.5 Biker
82 20.0 1000.0 1083.5 Biker
83 20.0 1000.0 1083.5 Biker
84 20.0 1000.0 1083.5 Biker
85 20.0 1000.0 1083.5 Biker
86 20.0 1000.0 1083.5 Biker
87 20.0 1000.0 1083.5 Biker
88 20.0 1000.0 1083.5 Biker
89 20.0 1000.0 1083.5 Biker
90 20.0 1000.0 1083.5 Biker
91 20.0 1000.0 1083.5 Biker
92 20.0 981.5 1079.5 Biker
93 20.0 946.5 1075.0 Biker
94 20.0 912.5 1071.0 Biker
95 20.0 875.5 1067.0 Biker
96 20.0 833.5 1063.0 Biker
97 20.0 792.5 1058.5 Biker
98 20.0 749.5 1050.5 Biker
99 20.0 709.5 1048.5 Biker
100 20.0 665.5 1050.5 Biker
101 20.0 623.0 1050.5 Biker
102 20.0 580.5 1050.5 Biker
103 20.0 537.5 1050.5 Biker
50 21.0 1106.5 645.5 Pedestrian
51 21.0 1106.5 645.5 Pedestrian
52 21.0 1106.5 645.5 Pedestrian
53 21.0 1106.5 645.5 Pedestrian
54 21.0 1106.5 645.5 Pedestrian
55 21.0 1106.5 645.5 Pedestrian
56 21.0 1106.5 645.5 Pedestrian
57 21.0 1106.5 645.5 Pedestrian
58 21.0 1106.5 645.5 Pedestrian
59 21.0 1106.5 645.5 Pedestrian
60 21.0 1106.5 645.5 Pedestrian
61 21.0 1106.5 645.5 Pedestrian
62 21.0 1106.5 645.5 Pedestrian
63 21.0 1106.5 645.5 Pedestrian
64 21.0 1106.5 645.5 Pedestrian
65 21.0 1106.5 645.5 Pedestrian
66 21.0 1106.5 645.5 Pedestrian
67 21.0 1106.5 645.5 Pedestrian
68 21.0 1106.5 645.5 Pedestrian
69 21.0 1106.5 645.5 Pedestrian
70 21.0 1106.5 645.5 Pedestrian
71 21.0 1106.5 645.5 Pedestrian
72 21.0 1106.5 645.5 Pedestrian
73 21.0 1106.5 645.5 Pedestrian
74 21.0 1106.5 645.5 Pedestrian
75 21.0 1106.5 645.5 Pedestrian
76 21.0 1106.5 645.5 Pedestrian
77 21.0 1106.5 645.5 Pedestrian
78 21.0 1106.5 645.5 Pedestrian
79 21.0 1106.5 645.5 Pedestrian
80 21.0 1106.5 645.5 Pedestrian
81 21.0 1106.5 645.5 Pedestrian
82 21.0 1106.5 645.5 Pedestrian
83 21.0 1106.5 645.5 Pedestrian
84 21.0 1106.5 645.5 Pedestrian
85 21.0 1106.5 645.5 Pedestrian
86 21.0 1106.5 645.5 Pedestrian
87 21.0 1106.5 645.5 Pedestrian
88 21.0 1106.5 645.5 Pedestrian
89 21.0 1106.5 645.5 Pedestrian
90 21.0 1106.5 645.5 Pedestrian
91 21.0 1106.5 645.5 Pedestrian
92 21.0 1106.5 645.5 Pedestrian
93 21.0 1106.5 645.5 Pedestrian
94 21.0 1106.5 645.5 Pedestrian
95 21.0 1106.5 645.5 Pedestrian
96 21.0 1106.5 645.5 Pedestrian
97 21.0 1106.5 645.5 Pedestrian
98 21.0 1106.5 645.5 Pedestrian
99 21.0 1106.5 645.5 Pedestrian
100 21.0 1106.5 645.5 Pedestrian
101 21.0 1106.5 645.5 Pedestrian
102 21.0 1106.5 645.5 Pedestrian
103 21.0 1106.5 645.5 Pedestrian
100 22.0 1013.0 918.0 Biker
101 22.0 1013.0 918.0 Biker
102 22.0 1014.5 920.5 Biker
103 22.0 1015.5 920.5 Biker
104 22.0 1017.5 922.5 Biker
105 22.0 1019.5 922.5 Biker
106 22.0 1019.5 926.5 Biker
107 22.0 1021.5 928.5 Biker
108 22.0 1022.0 928.5 Biker
109 22.0 1024.0 930.5 Biker
110 22.0 1026.0 930.5 Biker
111 22.0 1027.0 932.5 Biker
112 22.0 1028.0 934.5 Biker
113 22.0 1029.0 936.5 Biker
114 22.0 1030.5 938.5 Biker
115 22.0 1032.5 938.5 Biker
116 22.0 1033.0 941.0 Biker
117 22.0 1035.0 943.0 Biker
118 22.0 1036.0 945.0 Biker
119 22.0 1037.0 945.0 Biker
120 22.0 1039.0 947.0 Biker
121 22.0 1040.0 949.0 Biker
122 22.0 1042.0 949.0 Biker
123 22.0 1043.5 953.5 Biker
124 22.0 1043.5 953.5 Biker
125 22.0 1045.0 955.5 Biker
126 22.0 1046.0 955.5 Biker
127 22.0 1048.0 957.5 Biker
128 22.0 1041.0 962.0 Biker
129 22.0 1002.0 962.0 Biker
130 22.0 961.0 966.0 Biker
131 22.0 922.0 966.0 Biker
132 22.0 881.0 970.0 Biker
133 22.0 842.5 974.0 Biker
134 22.0 802.0 974.0 Biker
135 22.0 763.0 978.0 Biker
136 22.0 722.0 982.0 Biker
137 22.0 683.0 982.0 Biker
138 22.0 642.0 986.0 Biker
139 22.0 603.5 986.0 Biker
140 22.0 563.0 990.5 Biker
141 22.0 522.0 995.0 Biker
142 22.0 483.0 995.0 Biker
143 22.0 442.0 999.0 Biker
144 22.0 403.0 999.0 Biker
145 22.0 363.0 1003.0 Biker
146 22.0 324.0 1007.0 Biker
147 22.0 283.0 1007.0 Biker
148 22.0 244.0 1011.0 Biker
149 22.0 209.0 1015.0 Biker
150 22.0 209.0 1015.0 Biker
151 22.0 209.0 1015.0 Biker
152 22.0 209.0 1015.0 Biker
153 22.0 209.0 1015.0 Biker
50 23.0 1158.5 968.0 Biker
51 23.0 1158.5 968.0 Biker
52 23.0 1158.5 968.0 Biker
53 23.0 1158.5 968.0 Biker
54 23.0 1158.5 968.0 Biker
55 23.0 1158.5 968.0 Biker
56 23.0 1158.5 968.0 Biker
57 23.0 1158.5 968.0 Biker
58 23.0 1158.5 968.0 Biker
59 23.0 1158.5 968.0 Biker
60 23.0 1158.5 968.0 Biker
61 23.0 1158.5 968.0 Biker
62 23.0 1158.5 968.0 Biker
63 23.0 1158.5 968.0 Biker
64 23.0 1158.5 968.0 Biker
65 23.0 1158.5 968.0 Biker
66 23.0 1158.5 968.0 Biker
67 23.0 1158.5 968.0 Biker
68 23.0 1158.5 968.0 Biker
69 23.0 1158.5 968.0 Biker
70 23.0 1158.5 968.0 Biker
71 23.0 1158.5 968.0 Biker
72 23.0 1158.5 968.0 Biker
73 23.0 1158.5 968.0 Biker
74 23.0 1158.5 968.0 Biker
75 23.0 1158.5 968.0 Biker
76 23.0 1158.5 968.0 Biker
77 23.0 1158.5 968.0 Biker
78 23.0 1158.5 968.0 Biker
79 23.0 1158.5 968.0 Biker
80 23.0 1158.5 968.0 Biker
81 23.0 1158.5 968.0 Biker
82 23.0 1158.5 968.0 Biker
83 23.0 1158.5 968.0 Biker
84 23.0 1158.5 968.0 Biker
85 23.0 1158.5 968.0 Biker
86 23.0 1158.5 968.0 Biker
87 23.0 1158.5 968.0 Biker
88 23.0 1158.5 968.0 Biker
89 23.0 1158.5 968.0 Biker
90 23.0 1158.5 968.0 Biker
91 23.0 1158.5 968.0 Biker
92 23.0 1142.0 963.5 Biker
93 23.0 1112.0 955.5 Biker
94 23.0 1082.5 951.5 Biker
95 23.0 1053.0 947.0 Biker
96 23.0 1023.0 951.5 Biker
97 23.0 993.5 955.5 Biker
98 23.0 964.0 959.5 Biker
99 23.0 932.5 968.0 Biker
100 23.0 903.0 980.0 Biker
101 23.0 875.0 980.0 Biker
102 23.0 847.0 984.5 Biker
103 23.0 820.0 986.5 Biker
104 23.0 792.5 990.5 Biker
105 23.0 765.0 992.5 Biker
106 23.0 738.0 996.5 Biker
107 23.0 710.0 1000.5 Biker
108 23.0 682.0 1002.5 Biker
109 23.0 656.0 1007.0 Biker
110 23.0 630.0 1007.0 Biker
111 23.0 603.5 1007.0 Biker
112 23.0 577.5 1007.0 Biker
113 23.0 552.0 1007.0 Biker
114 23.0 525.0 1007.0 Biker
115 23.0 498.0 1007.0 Biker
116 23.0 472.0 1007.0 Biker
117 23.0 446.0 1007.0 Biker
118 23.0 419.0 1007.0 Biker
119 23.0 393.0 1007.0 Biker
120 23.0 367.0 1007.0 Biker
121 23.0 341.0 1011.5 Biker
122 23.0 341.0 1011.5 Biker
123 23.0 341.0 1011.5 Biker
124 23.0 341.0 1011.5 Biker
125 23.0 341.0 1011.5 Biker
126 23.0 341.0 1011.5 Biker
127 23.0 341.0 1011.5 Biker
128 23.0 341.0 1011.5 Biker
129 23.0 341.0 1011.5 Biker
130 23.0 341.0 1011.5 Biker
131 23.0 341.0 1011.5 Biker
132 23.0 341.0 1011.5 Biker
133 23.0 341.0 1011.5 Biker
134 23.0 341.0 1011.5 Biker
135 23.0 341.0 1011.5 Biker
136 23.0 341.0 1011.5 Biker
137 23.0 341.0 1011.5 Biker
138 23.0 341.0 1011.5 Biker
139 23.0 341.0 1011.5 Biker
140 23.0 341.0 1011.5 Biker
141 23.0 341.0 1011.5 Biker
142 23.0 341.0 1011.5 Biker
143 23.0 341.0 1011.5 Biker
144 23.0 341.0 1011.5 Biker
145 23.0 341.0 1011.5 Biker
146 23.0 341.0 1011.5 Biker
147 23.0 341.0 1011.5 Biker
148 23.0 341.0 1011.5 Biker
149 23.0 341.0 1011.5 Biker
150 23.0 341.0 1011.5 Biker
151 23.0 341.0 1011.5 Biker
152 23.0 341.0 1011.5 Biker
153 23.0 341.0 1011.5 Biker
100 25.0 1190.0 924.5 Pedestrian
101 25.0 1188.0 924.5 Pedestrian
102 25.0 1188.0 924.5 Pedestrian
103 25.0 1188.0 924.5 Pedestrian
104 25.0 1188.0 924.5 Pedestrian
105 25.0 1188.0 924.5 Pedestrian
106 25.0 1188.0 924.5 Pedestrian
107 25.0 1188.0 924.5 Pedestrian
108 25.0 1188.0 924.5 Pedestrian
109 25.0 1188.0 924.5 Pedestrian
110 25.0 1188.0 924.5 Pedestrian
111 25.0 1187.0 924.5 Pedestrian
112 25.0 1187.0 924.5 Pedestrian
113 25.0 1187.0 924.5 Pedestrian
114 25.0 1186.0 924.5 Pedestrian
115 25.0 1186.0 924.5 Pedestrian
116 25.0 1186.0 924.5 Pedestrian
117 25.0 1186.0 924.5 Pedestrian
118 25.0 1186.0 924.5 Pedestrian
119 25.0 1186.0 924.5 Pedestrian
120 25.0 1186.0 924.5 Pedestrian
121 25.0 1185.5 924.5 Pedestrian
122 25.0 1185.5 924.5 Pedestrian
123 25.0 1185.5 924.5 Pedestrian
124 25.0 1185.5 924.5 Pedestrian
125 25.0 1185.5 924.5 Pedestrian
126 25.0 1185.5 924.5 Pedestrian
127 25.0 1184.5 924.5 Pedestrian
128 25.0 1184.5 924.5 Pedestrian
129 25.0 1184.5 924.5 Pedestrian
130 25.0 1184.5 924.5 Pedestrian
131 25.0 1184.5 924.5 Pedestrian
132 25.0 1183.5 924.5 Pedestrian
133 25.0 1183.5 924.5 Pedestrian
134 25.0 1183.5 924.5 Pedestrian
135 25.0 1183.5 924.5 Pedestrian
136 25.0 1183.5 924.5 Pedestrian
137 25.0 1183.5 924.5 Pedestrian
138 25.0 1183.5 924.5 Pedestrian
139 25.0 1183.5 924.5 Pedestrian
140 25.0 1182.5 924.5 Pedestrian
141 25.0 1182.5 924.5 Pedestrian
142 25.0 1181.5 924.5 Pedestrian
143 25.0 1181.5 924.5 Pedestrian
144 25.0 1181.5 924.5 Pedestrian
145 25.0 1181.5 924.5 Pedestrian
146 25.0 1181.5 924.5 Pedestrian
147 25.0 1181.5 924.5 Pedestrian
148 25.0 1181.5 924.5 Pedestrian
149 25.0 1181.5 924.5 Pedestrian
150 25.0 1181.5 924.5 Pedestrian
151 25.0 1181.5 924.5 Pedestrian
152 25.0 1181.5 924.5 Pedestrian
153 25.0 1165.0 949.0 Pedestrian
0 26.0 903.0 1143.0 Pedestrian
1 26.0 903.0 1143.0 Pedestrian
2 26.0 903.0 1143.0 Pedestrian
3 26.0 903.0 1143.0 Pedestrian
4 26.0 903.0 1143.0 Pedestrian
5 26.0 903.0 1143.0 Pedestrian
6 26.0 903.0 1143.0 Pedestrian
7 26.0 903.0 1143.0 Pedestrian
8 26.0 903.0 1143.0 Pedestrian
9 26.0 903.0 1143.0 Pedestrian
10 26.0 903.0 1143.0 Pedestrian
11 26.0 903.0 1143.0 Pedestrian
12 26.0 903.0 1143.0 Pedestrian
13 26.0 903.0 1143.0 Pedestrian
14 26.0 903.0 1143.0 Pedestrian
15 26.0 903.0 1143.0 Pedestrian
16 26.0 903.0 1143.0 Pedestrian
17 26.0 903.0 1143.0 Pedestrian
18 26.0 903.0 1143.0 Pedestrian
19 26.0 903.0 1143.0 Pedestrian
20 26.0 903.0 1143.0 Pedestrian
21 26.0 903.0 1143.0 Pedestrian
22 26.0 903.0 1143.0 Pedestrian
23 26.0 903.0 1143.0 Pedestrian
24 26.0 903.0 1143.0 Pedestrian
25 26.0 903.0 1143.0 Pedestrian
26 26.0 903.0 1143.0 Pedestrian
27 26.0 903.0 1143.0 Pedestrian
28 26.0 903.0 1143.0 Pedestrian
29 26.0 903.0 1143.0 Pedestrian
30 26.0 903.0 1143.0 Pedestrian
31 26.0 903.0 1143.0 Pedestrian
32 26.0 903.0 1143.0 Pedestrian
33 26.0 903.0 1143.0 Pedestrian
34 26.0 901.0 1139.0 Pedestrian
35 26.0 891.5 1139.0 Pedestrian
36 26.0 880.5 1139.0 Pedestrian
37 26.0 871.0 1139.0 Pedestrian
38 26.0 860.0 1135.0 Pedestrian
39 26.0 851.0 1135.0 Pedestrian
40 26.0 841.5 1135.0 Pedestrian
41 26.0 830.5 1131.0 Pedestrian
42 26.0 821.0 1131.0 Pedestrian
43 26.0 810.0 1131.0 Pedestrian
44 26.0 801.0 1127.0 Pedestrian
45 26.0 791.5 1127.0 Pedestrian
46 26.0 780.5 1127.0 Pedestrian
47 26.0 771.0 1122.5 Pedestrian
48 26.0 760.0 1122.5 Pedestrian
49 26.0 751.0 1122.5 Pedestrian
50 26.0 741.5 1122.5 Pedestrian
51 26.0 731.0 1120.5 Pedestrian
52 26.0 723.0 1120.5 Pedestrian
53 26.0 714.0 1120.5 Pedestrian
54 26.0 705.0 1120.5 Pedestrian
55 26.0 696.0 1120.5 Pedestrian
56 26.0 686.0 1118.5 Pedestrian
57 26.0 675.0 1110.5 Pedestrian
58 26.0 662.0 1106.5 Pedestrian
59 26.0 651.0 1102.0 Pedestrian
60 26.0 639.5 1093.5 Pedestrian
61 26.0 628.5 1089.5 Pedestrian
62 26.0 617.5 1085.5 Pedestrian
63 26.0 606.0 1081.5 Pedestrian
64 26.0 595.0 1081.5 Pedestrian
65 26.0 586.0 1081.5 Pedestrian
66 26.0 575.0 1077.5 Pedestrian
67 26.0 565.5 1077.5 Pedestrian
68 26.0 554.5 1077.5 Pedestrian
69 26.0 543.0 1073.5 Pedestrian
70 26.0 534.0 1073.5 Pedestrian
71 26.0 523.0 1073.5 Pedestrian
72 26.0 512.0 1073.5 Pedestrian
73 26.0 502.5 1077.5 Pedestrian
74 26.0 491.5 1085.5 Pedestrian
75 26.0 480.0 1089.5 Pedestrian
76 26.0 471.0 1093.5 Pedestrian
77 26.0 460.0 1093.5 Pedestrian
78 26.0 449.0 1093.5 Pedestrian
79 26.0 438.0 1089.5 Pedestrian
80 26.0 426.5 1085.5 Pedestrian
81 26.0 415.5 1085.5 Pedestrian
82 26.0 406.0 1085.5 Pedestrian
83 26.0 395.0 1089.5 Pedestrian
84 26.0 384.0 1093.5 Pedestrian
85 26.0 373.0 1093.5 Pedestrian
86 26.0 363.5 1097.5 Pedestrian
87 26.0 352.5 1102.0 Pedestrian
88 26.0 343.0 1106.5 Pedestrian
89 26.0 336.0 1106.5 Pedestrian
90 26.0 328.5 1106.5 Pedestrian
91 26.0 319.0 1106.5 Pedestrian
92 26.0 312.0 1110.5 Pedestrian
93 26.0 300.5 1110.5 Pedestrian
94 26.0 287.5 1110.5 Pedestrian
95 26.0 276.5 1110.5 Pedestrian
96 26.0 263.5 1114.5 Pedestrian
97 26.0 250.5 1114.5 Pedestrian
98 26.0 237.5 1118.5 Pedestrian
99 26.0 228.0 1122.5 Pedestrian
100 26.0 219.0 1122.5 Pedestrian
101 26.0 207.0 1120.5 Pedestrian
102 26.0 196.0 1118.5 Pedestrian
103 26.0 185.0 1120.5 Pedestrian
104 26.0 173.5 1118.5 Pedestrian
105 26.0 162.5 1120.5 Pedestrian
106 26.0 151.5 1118.5 Pedestrian
107 26.0 140.5 1120.5 Pedestrian
4 27.0 150.5 1096.0 Biker
5 27.0 201.0 1096.0 Biker
6 27.0 251.5 1094.0 Biker
7 27.0 302.0 1092.0 Biker
8 27.0 353.0 1090.0 Biker
9 27.0 403.0 1090.0 Biker
10 27.0 453.0 1090.0 Biker
11 27.0 507.0 1085.5 Biker
12 27.0 561.0 1081.0 Biker
13 27.0 615.0 1081.0 Biker
14 27.0 668.0 1077.0 Biker
15 27.0 722.0 1073.0 Biker
16 27.0 776.0 1069.0 Biker
17 27.0 829.5 1069.0 Biker
18 27.0 881.0 1069.0 Biker
19 27.0 933.0 1073.0 Biker
20 27.0 989.0 1071.0 Biker
21 27.0 1044.5 1069.0 Biker
22 27.0 1082.0 1065.0 Biker
23 27.0 1095.0 1061.0 Biker
24 27.0 1108.0 1061.0 Biker
25 27.0 1121.0 1056.5 Biker
26 27.0 1127.0 1056.5 Biker
27 27.0 1127.0 1056.5 Biker
28 27.0 1127.0 1056.5 Biker
29 27.0 1127.0 1056.5 Biker
30 27.0 1127.0 1056.5 Biker
31 27.0 1127.0 1056.5 Biker
32 27.0 1127.0 1056.5 Biker
33 27.0 1127.0 1056.5 Biker
34 27.0 1127.0 1056.5 Biker
35 27.0 1127.0 1056.5 Biker
36 27.0 1127.0 1056.5 Biker
37 27.0 1127.0 1056.5 Biker
38 27.0 1127.0 1056.5 Biker
39 27.0 1127.0 1056.5 Biker
40 27.0 1127.0 1056.5 Biker
41 27.0 1127.0 1056.5 Biker
42 27.0 1127.0 1056.5 Biker
43 27.0 1127.0 1056.5 Biker
44 27.0 1127.0 1056.5 Biker
45 27.0 1127.0 1056.5 Biker
46 27.0 1127.0 1056.5 Biker
47 27.0 1127.0 1056.5 Biker
48 27.0 1127.0 1056.5 Biker
49 27.0 1127.0 1056.5 Biker
50 27.0 1127.0 1056.5 Biker
51 27.0 1127.0 1052.5 Biker
52 27.0 1127.0 1050.0 Biker
53 27.0 1127.0 1050.0 Biker
54 27.0 1127.0 1046.0 Biker
55 27.0 1127.0 1046.0 Biker
56 27.0 1127.0 1044.0 Biker
57 27.0 1127.0 1042.0 Biker
58 27.0 1127.0 1040.0 Biker
59 27.0 1128.0 1040.0 Biker
60 27.0 1128.0 1036.0 Biker
61 27.0 1128.0 1036.0 Biker
62 27.0 1128.0 1034.0 Biker
63 27.0 1129.0 1032.0 Biker
64 27.0 1129.0 1030.0 Biker
65 27.0 1129.0 1030.0 Biker
66 27.0 1129.0 1026.0 Biker
67 27.0 1130.0 1026.0 Biker
68 27.0 1130.0 1023.5 Biker
69 27.0 1130.0 1019.5 Biker
70 27.0 1130.0 1019.5 Biker
71 27.0 1130.0 1017.5 Biker
72 27.0 1130.0 1015.0 Biker
73 27.0 1130.0 1013.0 Biker
74 27.0 1130.0 1013.0 Biker
75 27.0 1124.0 1009.0 Biker
76 27.0 1107.5 1001.0 Biker
77 27.0 1089.0 992.5 Biker
78 27.0 1072.0 988.5 Biker
79 27.0 1052.0 984.5 Biker
80 27.0 1028.0 996.5 Biker
81 27.0 1004.0 1009.0 Biker
82 27.0 978.0 1021.5 Biker
83 27.0 950.0 1030.0 Biker
84 27.0 917.0 1034.0 Biker
85 27.0 883.0 1038.0 Biker
86 27.0 859.0 1042.0 Biker
87 27.0 839.0 1042.0 Biker
88 27.0 817.0 1042.0 Biker
89 27.0 794.0 1042.0 Biker
90 27.0 772.0 1042.0 Biker
91 27.0 752.0 1042.0 Biker
92 27.0 729.5 1042.0 Biker
93 27.0 705.0 1038.0 Biker
94 27.0 676.0 1038.0 Biker
95 27.0 644.0 1034.0 Biker
96 27.0 616.5 1034.0 Biker
97 27.0 592.0 1034.0 Biker
98 27.0 566.5 1034.0 Biker
99 27.0 540.5 1034.0 Biker
100 27.0 513.0 1034.0 Biker
101 27.0 486.0 1036.0 Biker
102 27.0 461.0 1038.0 Biker
103 27.0 435.0 1040.0 Biker
104 27.0 410.0 1042.5 Biker
105 27.0 382.0 1046.5 Biker
106 27.0 350.5 1046.5 Biker
107 27.0 321.0 1046.5 Biker
108 27.0 290.5 1046.5 Biker
109 27.0 260.0 1048.5 Biker
110 27.0 229.0 1048.5 Biker
111 27.0 198.0 1048.5 Biker
112 27.0 168.0 1048.5 Biker
113 27.0 143.0 1044.5 Biker
100 28.0 732.5 943.0 Biker
101 28.0 721.0 943.0 Biker
102 28.0 710.0 943.0 Biker
103 28.0 699.0 943.0 Biker
104 28.0 688.0 943.0 Biker
105 28.0 676.5 947.0 Biker
106 28.0 665.5 947.0 Biker
107 28.0 654.5 947.0 Biker
108 28.0 643.5 947.0 Biker
109 28.0 632.5 951.5 Biker
110 28.0 621.0 951.5 Biker
111 28.0 610.0 951.5 Biker
112 28.0 599.0 951.5 Biker
113 28.0 589.5 951.5 Biker
114 28.0 578.5 955.5 Biker
115 28.0 567.5 955.5 Biker
116 28.0 556.5 955.5 Biker
117 28.0 545.0 955.5 Biker
118 28.0 534.0 955.5 Biker
119 28.0 524.5 955.5 Biker
120 28.0 515.5 955.5 Biker
121 28.0 506.5 955.5 Biker
122 28.0 495.0 951.5 Biker
123 28.0 486.0 951.5 Biker
124 28.0 476.5 951.5 Biker
125 28.0 467.5 951.5 Biker
126 28.0 458.0 951.5 Biker
127 28.0 449.0 951.5 Biker
128 28.0 441.5 951.5 Biker
129 28.0 432.0 955.5 Biker
130 28.0 423.0 955.5 Biker
131 28.0 413.5 955.5 Biker
132 28.0 404.5 959.5 Biker
133 28.0 397.0 959.5 Biker
134 28.0 387.5 959.5 Biker
135 28.0 378.5 963.5 Biker
136 28.0 369.0 963.5 Biker
137 28.0 361.5 963.5 Biker
138 28.0 352.5 968.0 Biker
139 28.0 343.0 968.0 Biker
140 28.0 334.0 968.0 Biker
141 28.0 324.5 972.0 Biker
142 28.0 317.5 972.0 Biker
143 28.0 308.0 972.0 Biker
144 28.0 298.5 976.0 Biker
145 28.0 289.5 976.0 Biker
146 28.0 280.0 976.0 Biker
147 28.0 273.0 980.0 Biker
148 28.0 263.5 980.0 Biker
149 28.0 254.5 980.0 Biker
150 28.0 245.0 984.5 Biker
151 28.0 237.5 984.5 Biker
152 28.0 228.5 984.5 Biker
153 28.0 219.0 984.5 Biker
50 29.0 1168.0 971.5 Biker
51 29.0 1168.0 971.5 Biker
52 29.0 1168.0 971.5 Biker
53 29.0 1168.0 971.5 Biker
54 29.0 1168.0 971.5 Biker
55 29.0 1168.0 971.5 Biker
56 29.0 1168.0 971.5 Biker
57 29.0 1168.0 971.5 Biker
58 29.0 1168.0 971.5 Biker
59 29.0 1168.0 971.5 Biker
60 29.0 1168.0 971.5 Biker
61 29.0 1168.0 971.5 Biker
62 29.0 1168.0 971.5 Biker
63 29.0 1168.0 971.5 Biker
64 29.0 1168.0 971.5 Biker
65 29.0 1168.0 971.5 Biker
66 29.0 1168.0 971.5 Biker
67 29.0 1168.0 971.5 Biker
68 29.0 1168.0 971.5 Biker
69 29.0 1168.0 971.5 Biker
70 29.0 1168.0 971.5 Biker
71 29.0 1168.0 971.5 Biker
72 29.0 1168.0 971.5 Biker
73 29.0 1168.0 971.5 Biker
74 29.0 1168.0 971.5 Biker
75 29.0 1168.0 971.5 Biker
76 29.0 1168.0 971.5 Biker
77 29.0 1168.0 971.5 Biker
78 29.0 1168.0 971.5 Biker
79 29.0 1168.0 971.5 Biker
80 29.0 1168.0 971.5 Biker
81 29.0 1168.0 971.5 Biker
82 29.0 1168.0 971.5 Biker
83 29.0 1168.0 971.5 Biker
84 29.0 1168.0 971.5 Biker
85 29.0 1143.5 971.5 Biker
86 29.0 1119.5 971.5 Biker
87 29.0 1097.0 971.5 Biker
88 29.0 1073.0 971.5 Biker
89 29.0 1049.0 971.5 Biker
90 29.0 1027.0 976.5 Biker
91 29.0 1003.0 984.5 Biker
92 29.0 979.0 992.5 Biker
93 29.0 954.5 1000.5 Biker
94 29.0 932.5 1009.5 Biker
95 29.0 904.5 1009.5 Biker
96 29.0 878.5 1009.5 Biker
97 29.0 853.0 1009.5 Biker
98 29.0 827.0 1009.5 Biker
99 29.0 803.0 1004.5 Biker
100 29.0 778.5 1004.5 Biker
101 29.0 751.0 1002.5 Biker
102 29.0 725.0 1002.5 Biker
103 29.0 697.0 1002.5 Biker
104 29.0 671.0 1002.5 Biker
105 29.0 644.0 1002.5 Biker
106 29.0 617.5 1002.5 Biker
107 29.0 590.5 1002.5 Biker
108 29.0 564.0 1005.0 Biker
109 29.0 537.0 1005.0 Biker
110 29.0 511.0 1005.0 Biker
111 29.0 483.0 1005.0 Biker
112 29.0 457.0 1005.0 Biker
113 29.0 429.0 1005.0 Biker
114 29.0 403.0 1005.0 Biker
115 29.0 377.5 1007.0 Biker
116 29.0 350.0 1007.0 Biker
117 29.0 324.0 1007.0 Biker
118 29.0 296.0 1007.0 Biker
119 29.0 270.0 1007.0 Biker
120 29.0 242.0 1007.0 Biker
121 29.0 216.0 1007.0 Biker
122 29.0 188.5 1011.0 Biker
123 29.0 162.5 1011.0 Biker
124 29.0 135.0 1011.0 Biker
144 31.0 140.0 1217.5 Pedestrian
145 31.0 148.0 1226.0 Pedestrian
146 31.0 148.0 1226.0 Pedestrian
147 31.0 148.0 1226.0 Pedestrian
148 31.0 148.0 1226.0 Pedestrian
149 31.0 148.0 1226.0 Pedestrian
150 31.0 148.0 1226.0 Pedestrian
151 31.0 148.0 1226.0 Pedestrian
152 31.0 148.0 1226.0 Pedestrian
153 31.0 148.0 1226.0 Pedestrian
150 32.0 209.5 1032.0 Pedestrian
151 32.0 198.5 1032.0 Pedestrian
152 32.0 187.5 1034.0 Pedestrian
153 32.0 178.5 1036.0 Pedestrian
154 32.0 165.5 1032.0 Pedestrian
155 32.0 152.5 1032.0 Pedestrian
156 32.0 140.5 1028.0 Pedestrian
0 33.0 998.0 1000.5 Biker
1 33.0 998.0 1000.5 Biker
2 33.0 998.0 1000.5 Biker
3 33.0 998.0 1000.5 Biker
4 33.0 998.0 1000.5 Biker
5 33.0 998.0 1000.5 Biker
6 33.0 998.0 1000.5 Biker
7 33.0 998.0 1000.5 Biker
8 33.0 998.0 1000.5 Biker
9 33.0 998.0 1000.5 Biker
10 33.0 998.0 1000.5 Biker
11 33.0 998.0 1000.5 Biker
12 33.0 998.0 1000.5 Biker
13 33.0 998.0 1000.5 Biker
14 33.0 998.0 1000.5 Biker
15 33.0 998.0 1000.5 Biker
16 33.0 998.0 1000.5 Biker
17 33.0 998.0 1000.5 Biker
18 33.0 998.0 1000.5 Biker
19 33.0 998.0 1000.5 Biker
20 33.0 998.0 1000.5 Biker
21 33.0 998.0 1000.5 Biker
22 33.0 998.0 1000.5 Biker
23 33.0 998.0 1000.5 Biker
24 33.0 998.0 1000.5 Biker
25 33.0 998.0 1000.5 Biker
26 33.0 998.0 1000.5 Biker
27 33.0 998.0 1000.5 Biker
28 33.0 998.0 1000.5 Biker
29 33.0 998.0 1000.5 Biker
30 33.0 998.0 1000.5 Biker
31 33.0 998.0 1000.5 Biker
32 33.0 998.0 1000.5 Biker
33 33.0 998.0 1000.5 Biker
34 33.0 998.0 1000.5 Biker
35 33.0 998.0 1000.5 Biker
36 33.0 998.0 1000.5 Biker
37 33.0 998.0 1000.5 Biker
38 33.0 950.0 1007.0 Biker
39 33.0 903.5 1015.5 Biker
40 33.0 857.5 1023.5 Biker
41 33.0 813.0 1031.5 Biker
42 33.0 772.0 1031.5 Biker
43 33.0 731.5 1031.5 Biker
44 33.0 690.5 1031.5 Biker
45 33.0 650.0 1031.5 Biker
46 33.0 609.0 1031.5 Biker
47 33.0 566.5 1036.0 Biker
48 33.0 524.0 1040.0 Biker
49 33.0 479.5 1044.5 Biker
50 33.0 437.0 1052.5 Biker
51 33.0 395.0 1060.5 Biker
52 33.0 354.0 1071.0 Biker
53 33.0 313.5 1081.5 Biker
54 33.0 274.0 1093.5 Biker
55 33.0 229.0 1085.5 Biker
56 33.0 177.5 1077.5 Biker
137 33.0 136.5 1083.5 Biker
138 33.0 168.0 1083.5 Biker
139 33.0 201.5 1083.5 Biker
140 33.0 233.0 1083.5 Biker
141 33.0 266.5 1083.5 Biker
142 33.0 297.5 1079.0 Biker
143 33.0 331.5 1079.0 Biker
144 33.0 362.5 1079.0 Biker
145 33.0 396.0 1079.0 Biker
146 33.0 427.5 1075.0 Biker
147 33.0 460.5 1075.0 Biker
148 33.0 492.5 1075.0 Biker
149 33.0 525.5 1075.0 Biker
150 33.0 559.0 1075.0 Biker
151 33.0 591.5 1075.5 Biker
152 33.0 625.5 1077.5 Biker
153 33.0 660.0 1079.5 Biker
154 33.0 694.5 1081.0 Biker
155 33.0 720.5 1073.0 Biker
156 33.0 748.0 1069.0 Biker
157 33.0 775.5 1065.0 Biker
158 33.0 813.0 1036.0 Biker
159 33.0 852.0 1009.0 Biker
160 33.0 849.0 1013.0 Biker
161 33.0 925.0 984.5 Biker
162 33.0 1003.0 959.5 Biker
163 33.0 1064.0 972.0 Biker
164 33.0 1103.0 982.5 Biker
165 33.0 1162.0 986.5 Biker
150 34.0 168.5 1079.5 Biker
100 35.0 765.5 1040.0 Biker
101 35.0 739.5 1040.0 Biker
102 35.0 713.5 1040.0 Biker
103 35.0 688.0 1044.0 Biker
104 35.0 662.0 1044.0 Biker
105 35.0 636.0 1044.0 Biker
106 35.0 610.0 1048.0 Biker
107 35.0 584.0 1048.0 Biker
108 35.0 558.0 1048.0 Biker
109 35.0 532.0 1052.5 Biker
110 35.0 506.5 1052.5 Biker
111 35.0 480.5 1056.5 Biker
112 35.0 454.5 1056.5 Biker
113 35.0 428.5 1056.5 Biker
114 35.0 402.5 1061.0 Biker
115 35.0 376.5 1061.0 Biker
116 35.0 350.5 1061.0 Biker
117 35.0 324.5 1065.0 Biker
118 35.0 298.5 1065.0 Biker
119 35.0 273.0 1065.0 Biker
120 35.0 247.0 1069.0 Biker
121 35.0 221.0 1069.0 Biker
122 35.0 195.0 1073.0 Biker
123 35.0 169.0 1073.0 Biker
124 35.0 143.0 1073.0 Biker
168 35.0 172.0 1077.5 Biker
169 35.0 225.5 1081.5 Biker
170 35.0 272.0 1081.5 Biker
171 35.0 318.0 1081.5 Biker
172 35.0 368.0 1081.5 Biker
173 35.0 409.0 1081.5 Biker
174 35.0 448.0 1081.5 Biker
175 35.0 488.5 1077.5 Biker
176 35.0 542.5 1073.0 Biker
177 35.0 590.5 1073.0 Biker
178 35.0 635.0 1069.0 Biker
179 35.0 674.0 1056.5 Biker
180 35.0 718.5 1056.5 Biker
181 35.0 772.0 1056.5 Biker
182 35.0 816.5 1048.5 Biker
183 35.0 853.5 1040.0 Biker
184 35.0 903.5 1031.5 Biker
185 35.0 959.0 1031.5 Biker
186 35.0 994.5 1031.5 Biker
187 35.0 1026.0 1044.5 Biker
188 35.0 1076.0 1069.0 Biker
189 35.0 1135.0 1077.5 Biker
190 35.0 1178.0 1073.0 Biker
170 36.0 165.5 1093.5 Biker
171 36.0 202.5 1093.5 Biker
172 36.0 248.5 1093.5 Biker
173 36.0 300.5 1093.5 Biker
174 36.0 358.0 1089.5 Biker
175 36.0 409.5 1077.5 Biker
176 36.0 458.0 1073.0 Biker
177 36.0 506.5 1073.0 Biker
178 36.0 554.5 1073.0 Biker
179 36.0 598.5 1077.5 Biker
180 36.0 643.5 1065.0 Biker
181 36.0 687.5 1052.5 Biker
182 36.0 739.5 1040.0 Biker
183 36.0 782.5 1023.5 Biker
184 36.0 823.0 1015.5 Biker
185 36.0 878.5 1003.0 Biker
186 36.0 919.5 994.5 Biker
187 36.0 958.5 990.5 Biker
188 36.0 995.5 978.0 Biker
189 36.0 1026.5 990.5 Biker
190 36.0 1058.5 1011.0 Biker
191 36.0 1086.5 1027.5 Biker
192 36.0 1106.5 1048.5 Biker
193 36.0 1141.5 1073.0 Biker
194 36.0 1178.5 1073.0 Biker
195 36.0 1193.5 1073.0 Biker
196 36.0 1193.5 1073.0 Biker
197 36.0 1193.5 1073.0 Biker
198 36.0 1193.5 1073.0 Biker
199 36.0 1193.5 1073.0 Biker
200 36.0 1193.5 1073.0 Biker
201 36.0 1193.5 1073.0 Biker
202 36.0 1193.5 1073.0 Biker
203 36.0 1193.5 1073.0 Biker
150 37.0 1129.5 629.0 Pedestrian
151 37.0 1128.5 627.0 Pedestrian
152 37.0 1128.5 627.0 Pedestrian
153 37.0 1128.5 627.0 Pedestrian
154 37.0 1128.5 625.0 Pedestrian
155 37.0 1128.5 625.0 Pedestrian
156 37.0 1128.5 625.0 Pedestrian
157 37.0 1128.5 623.0 Pedestrian
158 37.0 1128.5 623.0 Pedestrian
159 37.0 1128.5 623.0 Pedestrian
160 37.0 1128.5 621.0 Pedestrian
161 37.0 1128.5 621.0 Pedestrian
162 37.0 1128.5 621.0 Pedestrian
163 37.0 1128.5 621.0 Pedestrian
164 37.0 1126.5 621.0 Pedestrian
165 37.0 1126.5 621.0 Pedestrian
166 37.0 1126.5 621.0 Pedestrian
167 37.0 1126.5 621.0 Pedestrian
168 37.0 1126.5 621.0 Pedestrian
169 37.0 1126.5 621.0 Pedestrian
170 37.0 1125.5 621.0 Pedestrian
171 37.0 1125.5 621.0 Pedestrian
172 37.0 1125.5 621.0 Pedestrian
173 37.0 1125.5 621.0 Pedestrian
174 37.0 1125.5 621.0 Pedestrian
175 37.0 1125.5 621.0 Pedestrian
176 37.0 1123.5 621.0 Pedestrian
177 37.0 1123.5 621.0 Pedestrian
178 37.0 1123.5 621.0 Pedestrian
179 37.0 1123.5 621.0 Pedestrian
180 37.0 1123.5 621.0 Pedestrian
181 37.0 1123.5 621.0 Pedestrian
182 37.0 1121.5 621.0 Pedestrian
183 37.0 1121.5 621.0 Pedestrian
184 37.0 1121.5 621.0 Pedestrian
185 37.0 1121.5 621.0 Pedestrian
186 37.0 1121.5 621.0 Pedestrian
187 37.0 1121.5 621.0 Pedestrian
188 37.0 1119.5 621.0 Pedestrian
189 37.0 1119.5 621.0 Pedestrian
190 37.0 1117.5 621.0 Pedestrian
191 37.0 1117.5 621.0 Pedestrian
192 37.0 1115.5 621.0 Pedestrian
193 37.0 1115.5 621.0 Pedestrian
194 37.0 1115.5 621.0 Pedestrian
195 37.0 1115.5 621.0 Pedestrian
196 37.0 1115.5 621.0 Pedestrian
197 37.0 1115.5 621.0 Pedestrian
198 37.0 1115.5 621.0 Pedestrian
199 37.0 1115.5 621.0 Pedestrian
200 37.0 1115.5 621.0 Pedestrian
201 37.0 1115.5 621.0 Pedestrian
202 37.0 1115.5 621.0 Pedestrian
203 37.0 1115.5 621.0 Pedestrian
153 39.0 1156.0 912.0 Biker
154 39.0 1112.0 904.0 Biker
155 39.0 1069.0 904.0 Biker
156 39.0 1028.0 904.0 Biker
157 39.0 991.0 900.0 Biker
158 39.0 954.0 895.5 Biker
159 39.0 918.5 895.5 Biker
160 39.0 879.5 900.0 Biker
161 39.0 841.0 908.0 Biker
162 39.0 804.0 916.0 Biker
163 39.0 763.0 916.0 Biker
164 39.0 722.0 916.0 Biker
165 39.0 683.0 920.0 Biker
166 39.0 640.5 929.0 Biker
167 39.0 598.0 941.0 Biker
168 39.0 557.0 953.0 Biker
169 39.0 526.0 957.5 Biker
170 39.0 494.0 966.0 Biker
171 39.0 463.0 974.0 Biker
172 39.0 429.0 978.0 Biker
173 39.0 396.0 982.0 Biker
174 39.0 364.5 990.5 Biker
175 39.0 337.0 990.5 Biker
176 39.0 309.0 995.0 Biker
177 39.0 268.0 995.0 Biker
178 39.0 227.0 995.0 Biker
179 39.0 194.0 995.0 Biker
180 39.0 161.0 999.0 Biker
