105 0.0 156.0 1331.5 Biker
106 0.0 209.5 1344.5 Biker
107 0.0 265.0 1359.0 Biker
108 0.0 302.5 1388.5 Biker
109 0.0 340.0 1421.5 Biker
110 0.0 379.5 1455.5 Biker
111 0.0 419.5 1459.5 Biker
112 0.0 459.0 1468.0 Biker
113 0.0 498.5 1472.5 Biker
114 0.0 538.5 1480.5 Biker
115 0.0 566.0 1472.5 Biker
116 0.0 595.5 1468.0 Biker
117 0.0 625.5 1463.5 Biker
118 0.0 655.0 1459.5 Biker
119 0.0 684.5 1455.5 Biker
120 0.0 714.5 1451.5 Biker
121 0.0 744.5 1447.0 Biker
122 0.0 762.0 1426.0 Biker
123 0.0 780.0 1409.5 Biker
124 0.0 797.5 1392.5 Biker
125 0.0 815.5 1375.5 Biker
126 0.0 833.5 1359.0 Biker
127 0.0 841.5 1321.5 Biker
128 0.0 851.0 1287.5 Biker
129 0.0 861.0 1254.5 Biker
130 0.0 871.0 1220.5 Biker
131 0.0 855.0 1191.5 Biker
132 0.0 841.5 1162.0 Biker
133 0.0 813.5 1124.5 Biker
134 0.0 785.5 1091.0 Biker
135 0.0 758.0 1053.5 Biker
136 0.0 730.5 1019.5 Biker
137 0.0 714.5 973.5 Biker
138 0.0 698.5 927.5 Biker
139 0.0 684.5 885.5 Biker
140 0.0 671.0 827.0 Biker
141 0.0 671.0 772.5 Biker
142 0.0 671.0 722.5 Biker
143 0.0 671.0 655.5 Biker
144 0.0 671.0 590.5 Biker
145 0.0 673.0 535.5 Biker
146 0.0 675.0 483.5 Biker
147 0.0 680.5 416.5 Biker
148 0.0 686.5 353.5 Biker
149 0.0 692.5 290.5 Biker
150 0.0 692.5 232.0 Biker
124 1.0 1261.5 1210.0 Biker
125 1.0 1213.5 1208.0 Biker
126 1.0 1166.0 1200.0 Biker
127 1.0 1118.5 1191.5 Biker
128 1.0 1071.0 1183.0 Biker
129 1.0 1029.5 1174.5 Biker
130 1.0 989.5 1166.5 Biker
131 1.0 960.0 1158.0 Biker
132 1.0 930.5 1149.5 Biker
133 1.0 904.5 1133.0 Biker
134 1.0 878.5 1116.0 Biker
135 1.0 847.5 1086.5 Biker
136 1.0 815.5 1061.5 Biker
137 1.0 797.5 1045.0 Biker
138 1.0 771.5 1003.0 Biker
139 1.0 771.5 1003.0 Biker
140 1.0 744.5 961.0 Biker
141 1.0 716.5 919.0 Biker
142 1.0 688.5 877.0 Biker
143 1.0 678.5 843.5 Biker
144 1.0 669.0 810.0 Biker
145 1.0 659.0 781.0 Biker
146 1.0 655.0 735.0 Biker
147 1.0 651.5 688.5 Biker
148 1.0 649.5 647.0 Biker
149 1.0 649.5 600.5 Biker
150 1.0 651.5 559.0 Biker
151 1.0 653.0 510.5 Biker
152 1.0 656.0 462.5 Biker
153 1.0 659.0 414.5 Biker
154 1.0 662.0 366.0 Biker
155 1.0 665.0 318.0 Biker
156 1.0 668.0 272.0 Biker
157 1.0 671.0 224.0 Biker
93 2.0 695.5 1767.5 Biker
94 2.0 711.5 1738.0 Biker
95 2.0 731.5 1713.0 Biker
96 2.0 759.0 1692.0 Biker
97 2.0 785.0 1671.0 Biker
98 2.0 812.5 1650.0 Biker
99 2.0 836.5 1637.5 Biker
100 2.0 858.0 1629.5 Biker
101 2.0 876.0 1625.0 Biker
102 2.0 894.5 1621.0 Biker
103 2.0 913.5 1619.0 Biker
104 2.0 932.5 1614.5 Biker
105 2.0 951.0 1612.5 Biker
106 2.0 970.0 1608.5 Biker
107 2.0 988.5 1606.0 Biker
108 2.0 998.5 1589.5 Biker
109 2.0 1010.5 1577.0 Biker
110 2.0 1020.5 1564.5 Biker
111 2.0 1032.5 1551.5 Biker
112 2.0 1044.5 1539.0 Biker
113 2.0 1044.5 1535.0 Biker
114 2.0 1046.5 1535.0 Biker
115 2.0 1046.5 1535.0 Biker
116 2.0 1048.5 1535.0 Biker
117 2.0 1048.5 1535.0 Biker
118 2.0 1050.5 1535.0 Biker
119 2.0 1050.5 1535.0 Biker
120 2.0 1052.5 1535.0 Biker
121 2.0 1052.5 1535.0 Biker
122 2.0 1054.5 1531.0 Biker
123 2.0 1054.5 1531.0 Biker
124 2.0 1056.0 1531.0 Biker
125 2.0 1056.0 1531.0 Biker
126 2.0 1058.0 1531.0 Biker
127 2.0 1058.0 1531.0 Biker
128 2.0 1060.0 1531.0 Biker
129 2.0 1060.0 1531.0 Biker
130 2.0 1062.0 1531.0 Biker
131 2.0 1064.0 1531.0 Biker
132 2.0 1064.0 1522.5 Biker
133 2.0 1064.0 1518.0 Biker
134 2.0 1064.0 1514.0 Biker
135 2.0 1064.0 1510.0 Biker
136 2.0 1064.0 1505.5 Biker
137 2.0 1064.0 1501.5 Biker
138 2.0 1066.0 1497.5 Biker
139 2.0 1066.0 1493.0 Biker
140 2.0 1066.0 1489.0 Biker
141 2.0 1066.0 1484.5 Biker
142 2.0 1066.0 1480.5 Biker
143 2.0 1066.0 1476.5 Biker
144 2.0 1068.0 1472.0 Biker
145 2.0 1062.0 1451.0 Biker
146 2.0 1058.0 1434.5 Biker
147 2.0 1052.5 1415.5 Biker
148 2.0 1048.5 1399.0 Biker
149 2.0 1036.5 1374.0 Biker
150 2.0 1026.5 1348.5 Biker
151 2.0 1033.5 1327.5 Biker
152 2.0 1013.5 1296.0 Biker
153 2.0 995.5 1269.0 Biker
154 2.0 978.0 1241.5 Biker
155 2.0 958.0 1210.5 Biker
156 2.0 940.5 1183.0 Biker
157 2.0 922.5 1156.0 Biker
158 2.0 894.5 1122.5 Biker
159 2.0 867.0 1093.0 Biker
160 2.0 841.5 1063.5 Biker
161 2.0 813.5 1034.5 Biker
162 2.0 787.5 1005.0 Biker
163 2.0 781.5 971.5 Biker
164 2.0 778.0 942.0 Biker
165 2.0 774.0 913.0 Biker
166 2.0 734.5 862.5 Biker
167 2.0 696.5 812.5 Biker
168 2.0 659.0 766.0 Biker
169 2.0 659.0 712.0 Biker
170 2.0 659.0 661.5 Biker
171 2.0 659.0 611.0 Biker
172 2.0 661.0 556.5 Biker
173 2.0 661.0 506.5 Biker
174 2.0 661.0 456.0 Biker
175 2.0 663.0 401.5 Biker
176 2.0 663.0 351.5 Biker
177 2.0 663.0 301.0 Biker
178 2.0 665.0 251.0 Biker
179 2.0 667.0 201.0 Biker
185 3.0 1270.0 1195.5 Skater
186 3.0 1214.5 1191.5 Skater
187 3.0 1171.0 1179.0 Skater
188 3.0 1127.5 1170.5 Skater
189 3.0 1084.0 1162.0 Skater
190 3.0 1042.5 1154.0 Skater
191 3.0 1002.5 1149.5 Skater
192 3.0 961.0 1141.0 Skater
193 3.0 921.5 1120.0 Skater
194 3.0 889.0 1095.0 Skater
195 3.0 857.0 1070.0 Skater
196 3.0 825.5 1049.0 Skater
197 3.0 795.5 1028.0 Skater
198 3.0 774.0 990.5 Skater
199 3.0 746.0 961.0 Skater
200 3.0 734.5 915.0 Skater
201 3.0 718.5 881.5 Skater
202 3.0 718.5 881.5 Skater
203 3.0 718.5 881.5 Skater
197 4.0 1203.0 1197.5 Skater
198 4.0 1129.5 1189.5 Skater
199 4.0 1060.0 1172.5 Skater
200 4.0 991.0 1155.5 Skater
201 4.0 919.5 1134.5 Skater
202 4.0 850.0 1118.5 Skater
203 4.0 781.0 1097.5 Skater
201 5.0 1267.0 1204.0 Skater
202 5.0 1223.5 1202.0 Skater
203 5.0 1180.0 1202.0 Skater
132 6.0 149.0 1325.5 Biker
133 6.0 159.0 1329.5 Biker
134 6.0 169.0 1329.5 Biker
135 6.0 176.5 1329.5 Biker
136 6.0 176.5 1334.0 Biker
137 6.0 174.5 1334.0 Biker
138 6.0 172.5 1334.0 Biker
139 6.0 171.0 1334.0 Biker
140 6.0 169.0 1338.0 Biker
141 6.0 167.0 1338.0 Biker
142 6.0 165.0 1338.0 Biker
143 6.0 163.0 1338.0 Biker
144 6.0 163.0 1342.5 Biker
145 6.0 163.0 1342.5 Biker
146 6.0 163.0 1342.5 Biker
147 6.0 161.0 1342.5 Biker
148 6.0 161.0 1346.5 Biker
149 6.0 159.0 1350.5 Biker
150 6.0 159.0 1354.5 Biker
151 6.0 156.0 1361.0 Biker
152 6.0 154.0 1369.5 Biker
153 6.0 152.0 1376.0 Biker
154 6.0 151.0 1386.0 Biker
155 6.0 149.0 1394.5 Biker
156 6.0 147.0 1401.0 Biker
157 6.0 145.0 1409.5 Biker
158 6.0 144.0 1419.5 Biker
159 6.0 142.0 1432.5 Biker
164 6.0 160.0 1512.0 Biker
165 6.0 182.5 1537.0 Biker
166 6.0 204.5 1562.5 Biker
167 6.0 227.5 1591.5 Biker
168 6.0 257.0 1604.0 Biker
169 6.0 288.5 1621.0 Biker
170 6.0 320.5 1633.5 Biker
171 6.0 352.0 1650.5 Biker
172 6.0 383.5 1667.0 Biker
173 6.0 409.5 1679.5 Biker
174 6.0 437.0 1696.5 Biker
175 6.0 465.0 1713.0 Biker
176 6.0 492.5 1729.5 Biker
177 6.0 492.5 1729.5 Biker
178 6.0 492.5 1729.5 Biker
179 6.0 492.5 1729.5 Biker
180 6.0 492.5 1729.5 Biker
181 6.0 492.5 1729.5 Biker
182 6.0 492.5 1729.5 Biker
183 6.0 492.5 1729.5 Biker
184 6.0 492.5 1729.5 Biker
185 6.0 492.5 1729.5 Biker
186 6.0 492.5 1729.5 Biker
187 6.0 492.5 1729.5 Biker
188 6.0 492.5 1729.5 Biker
189 6.0 492.5 1729.5 Biker
190 6.0 492.5 1729.5 Biker
191 6.0 492.5 1729.5 Biker
192 6.0 492.5 1729.5 Biker
193 6.0 492.5 1729.5 Biker
194 6.0 492.5 1729.5 Biker
195 6.0 492.5 1729.5 Biker
196 6.0 492.5 1729.5 Biker
197 6.0 492.5 1729.5 Biker
198 6.0 492.5 1729.5 Biker
199 6.0 492.5 1729.5 Biker
200 6.0 492.5 1729.5 Biker
201 6.0 492.5 1729.5 Biker
202 6.0 492.5 1729.5 Biker
203 6.0 492.5 1729.5 Biker
27 7.0 1246.0 1478.5 Pedestrian
28 7.0 1228.5 1474.0 Pedestrian
29 7.0 1212.5 1470.0 Pedestrian
30 7.0 1197.0 1470.0 Pedestrian
31 7.0 1185.0 1470.0 Pedestrian
32 7.0 1173.0 1470.0 Pedestrian
33 7.0 1161.0 1470.0 Pedestrian
34 7.0 1151.0 1474.0 Pedestrian
35 7.0 1139.0 1474.0 Pedestrian
36 7.0 1127.5 1478.5 Pedestrian
37 7.0 1115.5 1483.0 Pedestrian
38 7.0 1103.5 1487.0 Pedestrian
39 7.0 1092.0 1487.0 Pedestrian
40 7.0 1078.0 1495.0 Pedestrian
41 7.0 1064.0 1503.5 Pedestrian
42 7.0 1048.0 1508.0 Pedestrian
43 7.0 1030.5 1508.0 Pedestrian
44 7.0 1018.5 1512.0 Pedestrian
45 7.0 1004.5 1516.0 Pedestrian
46 7.0 993.0 1520.0 Pedestrian
47 7.0 981.0 1524.5 Pedestrian
48 7.0 967.0 1529.0 Pedestrian
49 7.0 955.0 1533.0 Pedestrian
50 7.0 941.0 1537.0 Pedestrian
51 7.0 928.5 1541.0 Pedestrian
52 7.0 916.5 1547.5 Pedestrian
53 7.0 903.5 1551.5 Pedestrian
54 7.0 891.5 1560.5 Pedestrian
55 7.0 880.0 1560.5 Pedestrian
56 7.0 870.0 1560.5 Pedestrian
57 7.0 858.0 1562.5 Pedestrian
58 7.0 848.0 1562.5 Pedestrian
59 7.0 838.5 1564.5 Pedestrian
60 7.0 826.5 1575.0 Pedestrian
61 7.0 814.5 1587.5 Pedestrian
62 7.0 802.5 1600.0 Pedestrian
63 7.0 792.5 1612.5 Pedestrian
64 7.0 779.0 1621.0 Pedestrian
65 7.0 765.0 1629.5 Pedestrian
66 7.0 751.0 1637.5 Pedestrian
67 7.0 735.5 1637.5 Pedestrian
68 7.0 719.5 1637.5 Pedestrian
69 7.0 703.5 1637.5 Pedestrian
70 7.0 689.5 1642.0 Pedestrian
71 7.0 676.0 1637.5 Pedestrian
72 7.0 662.0 1633.5 Pedestrian
73 7.0 648.0 1633.5 Pedestrian
74 7.0 634.5 1629.5 Pedestrian
75 7.0 622.5 1629.5 Pedestrian
76 7.0 610.5 1625.0 Pedestrian
77 7.0 600.5 1621.0 Pedestrian
78 7.0 588.5 1616.5 Pedestrian
79 7.0 579.0 1612.5 Pedestrian
80 7.0 563.0 1612.5 Pedestrian
81 7.0 549.0 1616.5 Pedestrian
82 7.0 533.5 1621.0 Pedestrian
83 7.0 519.5 1625.0 Pedestrian
84 7.0 505.5 1629.5 Pedestrian
85 7.0 493.5 1625.0 Pedestrian
86 7.0 482.0 1621.0 Pedestrian
87 7.0 470.0 1621.0 Pedestrian
88 7.0 458.0 1616.5 Pedestrian
89 7.0 446.0 1616.5 Pedestrian
90 7.0 432.0 1612.5 Pedestrian
91 7.0 418.5 1608.5 Pedestrian
92 7.0 404.5 1604.0 Pedestrian
93 7.0 390.5 1600.0 Pedestrian
94 7.0 377.0 1595.5 Pedestrian
95 7.0 365.0 1591.5 Pedestrian
96 7.0 351.0 1587.5 Pedestrian
97 7.0 339.0 1587.5 Pedestrian
98 7.0 325.5 1583.0 Pedestrian
99 7.0 313.5 1579.0 Pedestrian
100 7.0 301.5 1579.0 Pedestrian
101 7.0 287.5 1572.5 Pedestrian
102 7.0 274.0 1568.5 Pedestrian
103 7.0 261.0 1564.5 Pedestrian
104 7.0 247.0 1560.0 Pedestrian
105 7.0 235.5 1553.5 Pedestrian
106 7.0 221.5 1549.5 Pedestrian
107 7.0 208.5 1545.5 Pedestrian
108 7.0 194.5 1541.5 Pedestrian
109 7.0 182.5 1539.5 Pedestrian
110 7.0 172.5 1530.5 Pedestrian
111 7.0 162.5 1522.5 Pedestrian
112 7.0 153.0 1514.0 Pedestrian
113 7.0 145.0 1509.5 Pedestrian
100 8.0 459.0 1782.0 Pedestrian
101 8.0 459.0 1778.0 Pedestrian
102 8.0 459.0 1774.0 Pedestrian
103 8.0 459.0 1770.0 Pedestrian
104 8.0 459.0 1767.5 Pedestrian
105 8.0 455.0 1755.0 Pedestrian
106 8.0 451.0 1742.0 Pedestrian
107 8.0 447.0 1730.0 Pedestrian
108 8.0 443.0 1721.5 Pedestrian
109 8.0 439.0 1709.0 Pedestrian
110 8.0 435.0 1696.0 Pedestrian
111 8.0 431.0 1688.0 Pedestrian
112 8.0 421.5 1679.5 Pedestrian
113 8.0 413.5 1671.0 Pedestrian
114 8.0 403.5 1663.0 Pedestrian
115 8.0 395.5 1658.5 Pedestrian
116 8.0 385.5 1650.0 Pedestrian
117 8.0 378.0 1642.0 Pedestrian
118 8.0 370.0 1638.0 Pedestrian
119 8.0 362.0 1629.0 Pedestrian
120 8.0 354.0 1621.0 Pedestrian
121 8.0 348.0 1615.0 Pedestrian
122 8.0 340.0 1608.0 Pedestrian
123 8.0 332.0 1600.0 Pedestrian
124 8.0 326.5 1594.0 Pedestrian
125 8.0 318.5 1585.0 Pedestrian
126 8.0 312.5 1581.0 Pedestrian
127 8.0 304.5 1573.0 Pedestrian
128 8.0 296.5 1564.0 Pedestrian
129 8.0 288.5 1556.0 Pedestrian
130 8.0 281.0 1552.0 Pedestrian
131 8.0 273.0 1543.0 Pedestrian
132 8.0 265.0 1535.0 Pedestrian
133 8.0 259.0 1531.0 Pedestrian
134 8.0 249.0 1522.0 Pedestrian
135 8.0 239.0 1518.0 Pedestrian
136 8.0 231.0 1510.0 Pedestrian
137 8.0 221.5 1506.0 Pedestrian
138 8.0 213.5 1497.0 Pedestrian
139 8.0 203.5 1493.0 Pedestrian
140 8.0 195.5 1489.0 Pedestrian
141 8.0 185.5 1481.0 Pedestrian
142 8.0 178.0 1476.0 Pedestrian
143 8.0 170.0 1472.0 Pedestrian
144 8.0 162.0 1468.0 Pedestrian
145 8.0 150.0 1460.0 Pedestrian
100 9.0 252.0 1002.5 Pedestrian
101 9.0 246.0 1002.5 Pedestrian
102 9.0 242.0 1007.5 Pedestrian
103 9.0 238.0 1009.5 Pedestrian
104 9.0 232.0 1011.5 Pedestrian
105 9.0 228.5 1013.5 Pedestrian
106 9.0 224.5 1017.5 Pedestrian
107 9.0 224.5 1013.5 Pedestrian
108 9.0 224.5 1013.5 Pedestrian
109 9.0 224.5 1013.5 Pedestrian
110 9.0 224.5 1013.5 Pedestrian
111 9.0 224.5 1013.5 Pedestrian
112 9.0 224.5 1013.5 Pedestrian
113 9.0 224.5 1013.5 Pedestrian
114 9.0 226.5 1013.5 Pedestrian
115 9.0 226.5 1013.5 Pedestrian
116 9.0 226.5 1013.5 Pedestrian
117 9.0 226.5 1013.5 Pedestrian
118 9.0 226.5 1013.5 Pedestrian
119 9.0 226.5 1009.5 Pedestrian
120 9.0 226.5 1009.5 Pedestrian
121 9.0 228.5 1009.5 Pedestrian
122 9.0 228.5 1009.5 Pedestrian
123 9.0 228.5 1009.5 Pedestrian
124 9.0 228.5 1009.5 Pedestrian
125 9.0 228.5 1009.5 Pedestrian
126 9.0 228.5 1009.5 Pedestrian
127 9.0 228.5 1009.5 Pedestrian
128 9.0 230.5 1009.5 Pedestrian
129 9.0 230.5 1009.5 Pedestrian
130 9.0 230.5 1009.5 Pedestrian
131 9.0 230.5 1005.0 Pedestrian
132 9.0 230.5 1005.0 Pedestrian
133 9.0 230.5 1005.0 Pedestrian
134 9.0 230.5 1005.0 Pedestrian
135 9.0 232.0 1005.0 Pedestrian
136 9.0 232.0 1005.0 Pedestrian
137 9.0 232.0 1005.0 Pedestrian
138 9.0 232.0 1005.0 Pedestrian
139 9.0 232.0 1005.0 Pedestrian
140 9.0 232.0 1005.0 Pedestrian
141 9.0 232.0 1005.0 Pedestrian
142 9.0 234.0 1005.0 Pedestrian
143 9.0 236.0 996.5 Pedestrian
144 9.0 240.0 992.5 Pedestrian
145 9.0 242.0 984.5 Pedestrian
146 9.0 246.0 979.5 Pedestrian
147 9.0 249.0 971.5 Pedestrian
148 9.0 252.0 967.5 Pedestrian
149 9.0 255.0 958.5 Pedestrian
150 9.0 259.0 954.5 Pedestrian
151 9.0 259.0 938.0 Pedestrian
152 9.0 260.0 921.5 Pedestrian
153 9.0 262.0 906.5 Pedestrian
154 9.0 263.0 889.5 Pedestrian
155 9.0 264.0 875.0 Pedestrian
156 9.0 265.0 858.5 Pedestrian
157 9.0 267.0 844.0 Pedestrian
158 9.0 268.0 827.0 Pedestrian
159 9.0 270.0 812.0 Pedestrian
160 9.0 260.0 795.5 Pedestrian
161 9.0 250.0 783.0 Pedestrian
162 9.0 240.0 770.0 Pedestrian
163 9.0 232.0 754.0 Pedestrian
164 9.0 222.0 741.0 Pedestrian
165 9.0 212.5 728.5 Pedestrian
166 9.0 204.5 716.0 Pedestrian
167 9.0 196.5 703.0 Pedestrian
168 9.0 188.5 695.0 Pedestrian
169 9.0 183.0 682.0 Pedestrian
170 9.0 175.0 674.0 Pedestrian
171 9.0 167.0 661.5 Pedestrian
172 9.0 161.0 653.0 Pedestrian
173 9.0 153.0 640.5 Pedestrian
174 9.0 147.0 632.0 Pedestrian
175 9.0 145.0 624.0 Pedestrian
176 9.0 145.0 619.5 Pedestrian
177 9.0 145.0 615.0 Pedestrian
178 9.0 145.0 615.0 Pedestrian
179 9.0 145.0 615.0 Pedestrian
180 9.0 145.0 615.0 Pedestrian
181 9.0 145.0 615.0 Pedestrian
182 9.0 145.0 615.0 Pedestrian
183 9.0 145.0 615.0 Pedestrian
184 9.0 145.0 615.0 Pedestrian
185 9.0 145.0 615.0 Pedestrian
186 9.0 145.0 615.0 Pedestrian
187 9.0 145.0 615.0 Pedestrian
188 9.0 145.0 615.0 Pedestrian
189 9.0 145.0 615.0 Pedestrian
190 9.0 145.0 615.0 Pedestrian
191 9.0 145.0 615.0 Pedestrian
192 9.0 145.0 615.0 Pedestrian
193 9.0 145.0 615.0 Pedestrian
194 9.0 145.0 615.0 Pedestrian
195 9.0 145.0 615.0 Pedestrian
196 9.0 145.0 615.0 Pedestrian
197 9.0 145.0 615.0 Pedestrian
198 9.0 145.0 615.0 Pedestrian
199 9.0 145.0 615.0 Pedestrian
200 9.0 145.0 615.0 Pedestrian
201 9.0 145.0 615.0 Pedestrian
202 9.0 145.0 615.0 Pedestrian
203 9.0 145.0 615.0 Pedestrian
93 10.0 1252.5 1256.5 Biker
94 10.0 1226.5 1252.0 Biker
95 10.0 1206.5 1260.5 Biker
96 10.0 1187.0 1273.0 Biker
97 10.0 1167.0 1285.5 Biker
98 10.0 1153.5 1285.5 Biker
99 10.0 1139.5 1285.5 Biker
100 10.0 1127.5 1290.0 Biker
101 10.0 1124.5 1290.0 Biker
102 10.0 1122.5 1290.0 Biker
103 10.0 1120.5 1292.0 Biker
104 10.0 1118.5 1292.0 Biker
105 10.0 1116.5 1294.0 Biker
106 10.0 1114.5 1296.0 Biker
107 10.0 1112.5 1296.0 Biker
108 10.0 1110.5 1296.0 Biker
109 10.0 1109.5 1300.5 Biker
110 10.0 1106.5 1300.5 Biker
111 10.0 1104.5 1300.5 Biker
112 10.0 1102.5 1302.5 Biker
113 10.0 1100.5 1302.5 Biker
114 10.0 1098.5 1304.5 Biker
115 10.0 1096.5 1307.0 Biker
116 10.0 1094.5 1307.0 Biker
117 10.0 1092.5 1307.0 Biker
118 10.0 1091.5 1311.0 Biker
119 10.0 1087.5 1311.0 Biker
120 10.0 1085.5 1311.0 Biker
121 10.0 1083.5 1311.0 Biker
122 10.0 1080.5 1315.0 Biker
123 10.0 1079.0 1315.0 Biker
124 10.0 1077.0 1315.0 Biker
125 10.0 1075.0 1319.0 Biker
126 10.0 1063.0 1328.0 Biker
127 10.0 1053.5 1340.0 Biker
128 10.0 1043.5 1351.0 Biker
129 10.0 1033.5 1363.0 Biker
130 10.0 1025.5 1380.0 Biker
131 10.0 1017.5 1401.0 Biker
132 10.0 1009.5 1418.0 Biker
133 10.0 1001.5 1439.0 Biker
134 10.0 995.5 1460.0 Biker
135 10.0 987.5 1476.0 Biker
136 10.0 979.5 1497.0 Biker
137 10.0 974.0 1518.0 Biker
138 10.0 966.0 1539.0 Biker
139 10.0 960.0 1560.0 Biker
140 10.0 940.5 1577.0 Biker
141 10.0 920.5 1594.0 Biker
142 10.0 900.5 1610.0 Biker
143 10.0 880.5 1627.0 Biker
144 10.0 861.0 1644.0 Biker
145 10.0 841.5 1665.0 Biker
146 10.0 817.5 1673.0 Biker
147 10.0 793.5 1682.0 Biker
148 10.0 770.0 1690.0 Biker
149 10.0 746.5 1703.0 Biker
150 10.0 728.5 1719.0 Biker
151 10.0 716.5 1736.0 Biker
152 10.0 705.5 1755.0 Biker
153 10.0 694.5 1773.5 Biker
96 11.0 1254.5 1248.0 Biker
97 11.0 1234.5 1244.0 Biker
98 11.0 1214.5 1244.0 Biker
99 11.0 1194.5 1244.0 Biker
100 11.0 1177.0 1239.5 Biker
101 11.0 1173.0 1239.5 Biker
102 11.0 1169.0 1239.5 Biker
103 11.0 1166.0 1239.5 Biker
104 11.0 1162.0 1239.5 Biker
105 11.0 1158.0 1239.5 Biker
106 11.0 1155.5 1239.5 Biker
107 11.0 1151.5 1239.5 Biker
108 11.0 1148.5 1239.5 Biker
109 11.0 1144.5 1239.5 Biker
110 11.0 1140.5 1239.5 Biker
111 11.0 1137.5 1239.5 Biker
112 11.0 1133.5 1239.5 Biker
113 11.0 1130.5 1239.5 Biker
114 11.0 1126.5 1239.5 Biker
115 11.0 1122.5 1239.5 Biker
116 11.0 1119.5 1239.5 Biker
117 11.0 1115.5 1239.5 Biker
118 11.0 1112.5 1239.5 Biker
119 11.0 1110.5 1239.5 Biker
120 11.0 1108.5 1244.0 Biker
121 11.0 1108.5 1244.0 Biker
122 11.0 1106.5 1248.0 Biker
123 11.0 1106.5 1248.0 Biker
124 11.0 1104.5 1252.0 Biker
125 11.0 1104.5 1256.5 Biker
126 11.0 1100.5 1262.5 Biker
127 11.0 1096.5 1271.0 Biker
128 11.0 1092.5 1279.5 Biker
129 11.0 1088.5 1287.5 Biker
130 11.0 1084.5 1296.5 Biker
131 11.0 1080.5 1304.5 Biker
132 11.0 1077.0 1313.0 Biker
133 11.0 1073.0 1321.5 Biker
134 11.0 1065.0 1329.5 Biker
135 11.0 1057.5 1338.0 Biker
136 11.0 1051.5 1350.5 Biker
137 11.0 1043.5 1359.0 Biker
138 11.0 1035.5 1367.5 Biker
139 11.0 1029.5 1380.0 Biker
140 11.0 1015.5 1396.5 Biker
141 11.0 1003.5 1417.5 Biker
142 11.0 991.5 1438.5 Biker
143 11.0 979.5 1459.5 Biker
144 11.0 966.0 1480.5 Biker
145 11.0 954.5 1501.5 Biker
146 11.0 942.5 1522.5 Biker
147 11.0 930.5 1543.5 Biker
148 11.0 904.5 1560.0 Biker
149 11.0 880.5 1577.0 Biker
150 11.0 857.0 1597.5 Biker
151 11.0 832.5 1614.5 Biker
152 11.0 809.5 1633.5 Biker
153 11.0 785.0 1652.5 Biker
154 11.0 762.0 1671.0 Biker
155 11.0 740.0 1696.5 Biker
156 11.0 720.5 1721.5 Biker
157 11.0 700.5 1746.5 Biker
158 11.0 681.0 1771.5 Biker
71 12.0 580.0 211.0 Biker
72 12.0 578.0 244.5 Biker
73 12.0 576.0 278.0 Biker
74 12.0 574.0 315.5 Biker
75 12.0 572.0 349.5 Biker
76 12.0 572.0 387.0 Biker
77 12.0 572.0 420.5 Biker
78 12.0 572.0 458.5 Biker
79 12.0 572.0 496.0 Biker
80 12.0 574.0 521.0 Biker
81 12.0 578.0 550.5 Biker
82 12.0 580.0 575.5 Biker
83 12.0 584.0 605.0 Biker
84 12.0 587.0 642.5 Biker
85 12.0 590.0 680.5 Biker
86 12.0 594.0 722.5 Biker
87 12.0 592.0 753.5 Biker
88 12.0 591.0 787.0 Biker
89 12.0 590.0 820.5 Biker
90 12.0 582.0 841.5 Biker
91 12.0 574.0 866.5 Biker
92 12.0 566.0 887.5 Biker
93 12.0 558.0 913.0 Biker
94 12.0 538.0 946.5 Biker
95 12.0 518.5 980.0 Biker
96 12.0 498.5 1013.5 Biker
97 12.0 481.0 1034.5 Biker
98 12.0 463.0 1055.5 Biker
99 12.0 447.0 1080.5 Biker
100 12.0 429.0 1118.0 Biker
101 12.0 423.5 1147.5 Biker
102 12.0 418.5 1176.5 Biker
103 12.0 413.5 1206.0 Biker
104 12.0 408.5 1235.5 Biker
105 12.0 403.5 1264.5 Biker
106 12.0 399.5 1296.5 Biker
107 12.0 421.5 1313.0 Biker
108 12.0 445.5 1334.0 Biker
109 12.0 469.0 1354.5 Biker
110 12.0 492.5 1371.5 Biker
111 12.0 516.5 1392.5 Biker
112 12.0 540.5 1413.5 Biker
113 12.0 566.0 1409.5 Biker
114 12.0 593.5 1405.0 Biker
115 12.0 621.5 1405.0 Biker
116 12.0 649.5 1401.0 Biker
117 12.0 676.5 1401.0 Biker
118 12.0 704.5 1396.5 Biker
119 12.0 732.5 1396.5 Biker
120 12.0 738.5 1384.5 Biker
121 12.0 746.5 1371.5 Biker
122 12.0 752.5 1363.5 Biker
123 12.0 760.0 1350.5 Biker
124 12.0 766.0 1338.0 Biker
125 12.0 774.0 1329.5 Biker
126 12.0 775.5 1325.5 Biker
127 12.0 779.5 1321.5 Biker
128 12.0 781.5 1317.0 Biker
129 12.0 785.5 1313.0 Biker
130 12.0 795.5 1308.5 Biker
131 12.0 805.5 1308.5 Biker
132 12.0 815.5 1308.5 Biker
133 12.0 825.5 1308.5 Biker
134 12.0 837.5 1308.5 Biker
135 12.0 851.5 1313.0 Biker
136 12.0 867.0 1317.0 Biker
137 12.0 882.5 1321.5 Biker
138 12.0 896.5 1325.5 Biker
139 12.0 912.5 1334.0 Biker
140 12.0 928.5 1338.0 Biker
141 12.0 942.5 1342.5 Biker
142 12.0 958.0 1346.5 Biker
143 12.0 974.0 1350.5 Biker
144 12.0 989.5 1359.0 Biker
145 12.0 997.5 1375.5 Biker
146 12.0 1005.5 1396.5 Biker
147 12.0 1013.5 1413.5 Biker
148 12.0 1023.5 1434.5 Biker
149 12.0 1021.5 1455.5 Biker
150 12.0 1019.5 1476.5 Biker
151 12.0 999.5 1491.0 Biker
152 12.0 981.0 1510.0 Biker
153 12.0 962.0 1526.5 Biker
154 12.0 943.5 1543.0 Biker
155 12.0 924.5 1560.0 Biker
156 12.0 905.5 1579.0 Biker
157 12.0 885.5 1593.5 Biker
158 12.0 867.0 1612.5 Biker
159 12.0 848.0 1629.5 Biker
160 12.0 829.5 1646.0 Biker
161 12.0 810.5 1662.5 Biker
162 12.0 792.5 1681.5 Biker
163 12.0 771.0 1702.5 Biker
164 12.0 749.0 1723.5 Biker
165 12.0 727.5 1744.5 Biker
166 12.0 705.5 1767.5 Biker
51 13.0 1243.5 1195.5 Biker
52 13.0 1204.5 1189.0 Biker
53 13.0 1168.0 1187.0 Biker
54 13.0 1130.5 1183.0 Biker
55 13.0 1092.5 1183.0 Biker
56 13.0 1057.0 1183.0 Biker
57 13.0 1019.5 1162.0 Biker
58 13.0 982.0 1141.0 Biker
59 13.0 944.5 1122.5 Biker
60 13.0 914.5 1114.0 Biker
61 13.0 886.5 1109.5 Biker
62 13.0 859.0 1105.5 Biker
63 13.0 829.5 1080.5 Biker
64 13.0 801.5 1055.5 Biker
65 13.0 773.0 1030.0 Biker
66 13.0 745.5 1009.0 Biker
67 13.0 719.5 980.0 Biker
68 13.0 693.5 950.5 Biker
69 13.0 668.0 921.0 Biker
70 13.0 644.5 892.0 Biker
71 13.0 614.5 871.0 Biker
72 13.0 584.5 854.0 Biker
73 13.0 555.0 833.5 Biker
74 13.0 525.5 816.5 Biker
75 13.0 493.5 812.5 Biker
76 13.0 464.0 808.0 Biker
77 13.0 432.5 804.0 Biker
78 13.0 402.5 799.5 Biker
79 13.0 378.5 812.5 Biker
80 13.0 357.0 825.0 Biker
81 13.0 333.5 837.5 Biker
82 13.0 311.5 854.0 Biker
83 13.0 301.5 871.0 Biker
84 13.0 293.5 892.0 Biker
85 13.0 285.5 908.5 Biker
86 13.0 277.5 929.5 Biker
87 13.0 275.5 929.5 Biker
88 13.0 275.5 934.0 Biker
89 13.0 273.5 938.0 Biker
90 13.0 273.5 938.0 Biker
91 13.0 271.5 942.0 Biker
92 13.0 271.5 946.5 Biker
93 13.0 271.5 946.5 Biker
94 13.0 270.0 950.5 Biker
95 13.0 270.0 954.5 Biker
96 13.0 268.0 954.5 Biker
97 13.0 268.0 959.0 Biker
98 13.0 268.0 963.0 Biker
99 13.0 258.0 967.5 Biker
100 13.0 248.0 975.5 Biker
101 13.0 238.0 984.0 Biker
102 13.0 228.5 992.5 Biker
103 13.0 218.5 1001.0 Biker
0 14.0 1172.0 1447.0 Pedestrian
1 14.0 1158.0 1447.0 Pedestrian
2 14.0 1144.0 1447.0 Pedestrian
3 14.0 1132.0 1447.0 Pedestrian
4 14.0 1118.5 1451.5 Pedestrian
5 14.0 1107.0 1455.5 Pedestrian
6 14.0 1093.0 1463.5 Pedestrian
7 14.0 1081.0 1468.0 Pedestrian
8 14.0 1069.0 1476.5 Pedestrian
9 14.0 1055.0 1480.5 Pedestrian
10 14.0 1041.0 1484.5 Pedestrian
11 14.0 1029.5 1493.0 Pedestrian
12 14.0 1015.5 1497.5 Pedestrian
13 14.0 1004.0 1505.5 Pedestrian
14 14.0 990.0 1509.5 Pedestrian
15 14.0 978.0 1518.5 Pedestrian
16 14.0 964.0 1522.5 Pedestrian
17 14.0 952.0 1530.5 Pedestrian
18 14.0 938.0 1535.0 Pedestrian
19 14.0 926.5 1543.5 Pedestrian
20 14.0 912.5 1547.5 Pedestrian
21 14.0 901.0 1551.5 Pedestrian
22 14.0 889.0 1560.5 Pedestrian
23 14.0 875.0 1564.5 Pedestrian
24 14.0 863.0 1572.5 Pedestrian
25 14.0 851.0 1576.5 Pedestrian
26 14.0 837.0 1581.0 Pedestrian
27 14.0 825.5 1589.5 Pedestrian
28 14.0 813.5 1593.5 Pedestrian
29 14.0 800.0 1602.0 Pedestrian
30 14.0 788.0 1606.5 Pedestrian
31 14.0 776.0 1614.5 Pedestrian
32 14.0 762.0 1618.5 Pedestrian
33 14.0 748.0 1623.0 Pedestrian
34 14.0 734.0 1627.5 Pedestrian
35 14.0 720.5 1631.5 Pedestrian
36 14.0 706.5 1635.5 Pedestrian
37 14.0 693.0 1639.5 Pedestrian
38 14.0 679.0 1644.0 Pedestrian
39 14.0 665.0 1648.0 Pedestrian
40 14.0 653.0 1652.5 Pedestrian
41 14.0 639.0 1648.0 Pedestrian
42 14.0 625.0 1648.0 Pedestrian
43 14.0 613.5 1644.0 Pedestrian
44 14.0 599.5 1644.0 Pedestrian
45 14.0 588.0 1644.0 Pedestrian
46 14.0 574.0 1639.5 Pedestrian
47 14.0 560.0 1639.5 Pedestrian
48 14.0 546.0 1639.5 Pedestrian
49 14.0 532.0 1639.5 Pedestrian
50 14.0 518.5 1639.5 Pedestrian
51 14.0 505.5 1635.5 Pedestrian
52 14.0 492.5 1631.5 Pedestrian
53 14.0 480.0 1627.5 Pedestrian
54 14.0 467.0 1623.0 Pedestrian
55 14.0 454.0 1618.5 Pedestrian
56 14.0 442.0 1614.5 Pedestrian
57 14.0 428.5 1606.5 Pedestrian
58 14.0 414.5 1602.0 Pedestrian
59 14.0 400.5 1595.5 Pedestrian
60 14.0 386.5 1591.5 Pedestrian
61 14.0 373.0 1585.5 Pedestrian
62 14.0 361.0 1581.0 Pedestrian
63 14.0 349.0 1568.5 Pedestrian
64 14.0 338.0 1560.5 Pedestrian
65 14.0 328.5 1551.5 Pedestrian
66 14.0 317.5 1543.5 Pedestrian
67 14.0 307.5 1535.0 Pedestrian
68 14.0 293.5 1530.5 Pedestrian
69 14.0 281.5 1526.5 Pedestrian
70 14.0 268.0 1522.5 Pedestrian
71 14.0 256.0 1518.5 Pedestrian
72 14.0 244.0 1514.0 Pedestrian
73 14.0 230.0 1505.5 Pedestrian
74 14.0 216.5 1501.5 Pedestrian
75 14.0 204.5 1493.5 Pedestrian
76 14.0 190.5 1488.5 Pedestrian
77 14.0 176.5 1480.5 Pedestrian
78 14.0 165.0 1476.5 Pedestrian
79 14.0 149.0 1468.0 Pedestrian
0 15.0 203.5 1482.5 Pedestrian
1 15.0 199.5 1470.5 Pedestrian
2 15.0 197.5 1461.5 Pedestrian
3 15.0 195.5 1449.5 Pedestrian
4 15.0 193.5 1440.5 Pedestrian
5 15.0 191.5 1432.5 Pedestrian
6 15.0 188.0 1419.5 Pedestrian
7 15.0 186.0 1411.5 Pedestrian
8 15.0 184.0 1398.5 Pedestrian
9 15.0 182.0 1390.5 Pedestrian
10 15.0 180.0 1382.5 Pedestrian
11 15.0 180.0 1361.5 Pedestrian
12 15.0 182.0 1344.5 Pedestrian
13 15.0 182.0 1327.5 Pedestrian
14 15.0 184.0 1310.5 Pedestrian
15 15.0 186.0 1294.5 Pedestrian
16 15.0 186.0 1277.5 Pedestrian
17 15.0 186.0 1264.5 Pedestrian
18 15.0 186.0 1252.5 Pedestrian
19 15.0 188.0 1239.5 Pedestrian
20 15.0 188.0 1227.5 Pedestrian
21 15.0 190.0 1214.5 Pedestrian
22 15.0 190.0 1201.5 Pedestrian
23 15.0 191.5 1189.5 Pedestrian
24 15.0 193.5 1176.5 Pedestrian
25 15.0 193.5 1164.5 Pedestrian
26 15.0 195.5 1151.5 Pedestrian
27 15.0 197.5 1143.5 Pedestrian
28 15.0 197.5 1130.5 Pedestrian
29 15.0 199.5 1118.5 Pedestrian
30 15.0 201.5 1109.5 Pedestrian
31 15.0 205.5 1097.5 Pedestrian
32 15.0 211.5 1084.5 Pedestrian
33 15.0 215.0 1072.5 Pedestrian
34 15.0 221.0 1063.5 Pedestrian
35 15.0 227.0 1051.5 Pedestrian
36 15.0 231.0 1038.5 Pedestrian
37 15.0 237.0 1025.5 Pedestrian
38 15.0 243.0 1017.5 Pedestrian
39 15.0 245.0 1005.0 Pedestrian
40 15.0 249.0 992.5 Pedestrian
41 15.0 253.0 979.5 Pedestrian
42 15.0 257.0 971.5 Pedestrian
43 15.0 261.0 958.5 Pedestrian
44 15.0 265.0 946.5 Pedestrian
45 15.0 269.0 933.5 Pedestrian
46 15.0 273.0 925.5 Pedestrian
47 15.0 271.0 908.5 Pedestrian
48 15.0 271.0 891.5 Pedestrian
49 15.0 271.0 875.5 Pedestrian
50 15.0 271.0 862.5 Pedestrian
51 15.0 267.0 850.0 Pedestrian
52 15.0 264.0 839.5 Pedestrian
53 15.0 261.0 829.0 Pedestrian
54 15.0 257.0 818.5 Pedestrian
55 15.0 254.0 808.0 Pedestrian
56 15.0 251.0 795.5 Pedestrian
57 15.0 247.0 785.0 Pedestrian
58 15.0 244.0 774.5 Pedestrian
59 15.0 241.0 764.0 Pedestrian
60 15.0 238.0 756.0 Pedestrian
61 15.0 234.0 747.5 Pedestrian
62 15.0 230.0 739.0 Pedestrian
63 15.0 228.0 730.5 Pedestrian
64 15.0 224.5 722.0 Pedestrian
65 15.0 222.5 714.0 Pedestrian
66 15.0 218.5 705.5 Pedestrian
67 15.0 216.5 697.0 Pedestrian
68 15.0 212.5 689.0 Pedestrian
69 15.0 208.5 684.5 Pedestrian
70 15.0 204.5 676.0 Pedestrian
71 15.0 202.5 672.0 Pedestrian
72 15.0 198.5 663.5 Pedestrian
73 15.0 194.5 659.5 Pedestrian
74 15.0 192.5 655.0 Pedestrian
75 15.0 180.5 638.5 Pedestrian
76 15.0 171.0 626.0 Pedestrian
77 15.0 161.0 613.0 Pedestrian
78 15.0 161.0 613.0 Pedestrian
79 15.0 161.0 613.0 Pedestrian
80 15.0 161.0 613.0 Pedestrian
81 15.0 161.0 613.0 Pedestrian
82 15.0 161.0 613.0 Pedestrian
83 15.0 161.0 613.0 Pedestrian
84 15.0 161.0 613.0 Pedestrian
85 15.0 161.0 613.0 Pedestrian
86 15.0 161.0 613.0 Pedestrian
87 15.0 161.0 613.0 Pedestrian
88 15.0 161.0 613.0 Pedestrian
89 15.0 161.0 613.0 Pedestrian
90 15.0 161.0 613.0 Pedestrian
91 15.0 161.0 613.0 Pedestrian
92 15.0 161.0 613.0 Pedestrian
93 15.0 161.0 613.0 Pedestrian
94 15.0 161.0 613.0 Pedestrian
95 15.0 161.0 613.0 Pedestrian
96 15.0 161.0 613.0 Pedestrian
97 15.0 161.0 613.0 Pedestrian
98 15.0 161.0 613.0 Pedestrian
99 15.0 161.0 613.0 Pedestrian
100 15.0 161.0 613.0 Pedestrian
101 15.0 161.0 613.0 Pedestrian
102 15.0 161.0 613.0 Pedestrian
103 15.0 161.0 613.0 Pedestrian
83 16.0 1246.5 1221.0 Biker
84 16.0 1212.5 1218.5 Biker
85 16.0 1176.0 1214.5 Biker
86 16.0 1138.5 1206.0 Biker
87 16.0 1101.5 1202.0 Biker
88 16.0 1068.0 1189.5 Biker
89 16.0 1034.5 1176.5 Biker
90 16.0 1000.5 1164.0 Biker
91 16.0 967.0 1147.5 Biker
92 16.0 935.5 1135.0 Biker
93 16.0 907.5 1118.0 Biker
94 16.0 880.0 1105.5 Biker
95 16.0 851.0 1076.0 Biker
96 16.0 823.5 1042.5 Biker
97 16.0 794.5 1013.5 Biker
98 16.0 771.0 984.0 Biker
99 16.0 749.0 954.5 Biker
100 16.0 727.5 929.5 Biker
101 16.0 709.5 900.5 Biker
102 16.0 695.5 866.5 Biker
103 16.0 680.0 837.5 Biker
50 17.0 676.0 374.5 Biker
51 17.0 678.0 333.0 Biker
52 17.0 681.0 295.0 Biker
53 17.0 684.5 257.0 Biker
54 17.0 688.5 211.0 Biker
5 18.0 722.5 1746.5 Biker
6 18.0 750.0 1713.0 Biker
7 18.0 776.0 1675.0 Biker
8 18.0 803.5 1642.0 Biker
9 18.0 835.5 1612.5 Biker
10 18.0 869.0 1587.0 Biker
11 18.0 902.5 1558.0 Biker
12 18.0 936.5 1533.0 Biker
13 18.0 958.0 1491.0 Biker
14 18.0 980.0 1449.0 Biker
15 18.0 1001.5 1411.5 Biker
16 18.0 1023.5 1369.5 Biker
17 18.0 1045.0 1332.0 Biker
18 18.0 1027.5 1294.0 Biker
19 18.0 1011.5 1260.5 Biker
20 18.0 995.5 1227.0 Biker
21 18.0 980.0 1193.5 Biker
22 18.0 952.0 1160.0 Biker
23 18.0 924.5 1131.0 Biker
24 18.0 898.5 1101.0 Biker
25 18.0 871.0 1072.0 Biker
26 18.0 843.0 1043.0 Biker
27 18.0 817.5 1013.5 Biker
28 18.0 801.5 1001.0 Biker
29 18.0 788.0 988.0 Biker
30 18.0 774.0 976.0 Biker
31 18.0 722.5 904.5 Biker
32 18.0 671.0 837.5 Biker
33 18.0 658.0 793.5 Biker
34 18.0 646.0 753.5 Biker
35 18.0 633.5 713.5 Biker
36 18.0 622.5 674.5 Biker
37 18.0 622.5 632.5 Biker
38 18.0 624.5 590.5 Biker
39 18.0 626.5 548.5 Biker
40 18.0 630.5 502.5 Biker
41 18.0 636.0 460.5 Biker
42 18.0 642.0 418.5 Biker
43 18.0 644.0 368.5 Biker
44 18.0 646.0 322.5 Biker
45 18.0 648.0 276.0 Biker
46 18.0 652.0 225.5 Biker
200 19.0 985.5 1158.0 Biker
201 19.0 916.5 1141.0 Biker
202 19.0 849.0 1128.5 Biker
203 19.0 781.5 1116.0 Biker
204 19.0 708.5 1103.5 Biker
205 19.0 635.5 1091.0 Biker
206 19.0 564.0 1086.5 Biker
207 19.0 494.5 1091.0 Biker
208 19.0 423.5 1095.0 Biker
201 20.0 1273.0 1216.5 Biker
202 20.0 1229.5 1212.5 Biker
203 20.0 1188.0 1212.5 Biker
204 20.0 1148.5 1200.0 Biker
205 20.0 1114.5 1179.0 Biker
206 20.0 1081.0 1154.0 Biker
207 20.0 1047.5 1133.0 Biker
208 20.0 1033.5 1091.0 Biker
60 21.0 1270.0 1164.0 Biker
61 21.0 1236.5 1160.0 Biker
62 21.0 1202.5 1160.0 Biker
63 21.0 1171.0 1160.0 Biker
64 21.0 1141.5 1160.0 Biker
65 21.0 1111.5 1160.0 Biker
66 21.0 1083.0 1147.5 Biker
67 21.0 1055.0 1130.5 Biker
68 21.0 1026.5 1114.0 Biker
69 21.0 1010.5 1089.0 Biker
70 21.0 998.5 1063.5 Biker
71 21.0 985.0 1042.5 Biker
72 21.0 971.0 1017.5 Biker
73 21.0 959.0 996.5 Biker
74 21.0 945.0 971.5 Biker
75 21.0 933.5 950.5 Biker
76 21.0 919.5 925.5 Biker
77 21.0 907.5 900.5 Biker
78 21.0 893.5 879.5 Biker
79 21.0 880.0 854.0 Biker
80 21.0 868.0 833.5 Biker
81 21.0 854.0 808.0 Biker
82 21.0 842.0 787.0 Biker
83 21.0 828.5 762.0 Biker
84 21.0 816.5 737.0 Biker
85 21.0 802.5 716.0 Biker
86 21.0 790.5 691.0 Biker
87 21.0 777.0 670.0 Biker
88 21.0 763.0 644.5 Biker
89 21.0 751.0 623.5 Biker
90 21.0 745.0 582.0 Biker
91 21.0 743.0 535.5 Biker
92 21.0 741.0 502.5 Biker
93 21.0 739.0 468.5 Biker
94 21.0 737.5 439.5 Biker
95 21.0 737.5 410.0 Biker
96 21.0 737.5 385.0 Biker
97 21.0 739.0 355.5 Biker
98 21.0 739.0 330.5 Biker
99 21.0 741.0 305.5 Biker
100 21.0 743.0 280.0 Biker
101 21.0 743.0 255.0 Biker
102 21.0 745.0 225.5 Biker
103 21.0 745.0 200.5 Biker
50 22.0 768.0 412.0 Biker
51 22.0 768.0 412.0 Biker
52 22.0 768.0 412.0 Biker
53 22.0 768.0 412.0 Biker
54 22.0 768.0 412.0 Biker
55 22.0 768.0 412.0 Biker
56 22.0 768.0 412.0 Biker
57 22.0 768.0 412.0 Biker
58 22.0 768.0 412.0 Biker
59 22.0 768.0 412.0 Biker
60 22.0 768.0 412.0 Biker
61 22.0 768.0 412.0 Biker
62 22.0 768.0 412.0 Biker
63 22.0 768.0 412.0 Biker
64 22.0 766.0 412.0 Biker
65 22.0 764.0 420.5 Biker
66 22.0 762.0 433.0 Biker
67 22.0 760.0 441.5 Biker
68 22.0 759.0 454.0 Biker
69 22.0 759.0 471.0 Biker
70 22.0 759.0 483.5 Biker
71 22.0 759.0 500.0 Biker
72 22.0 759.0 517.0 Biker
73 22.0 759.0 533.5 Biker
74 22.0 761.0 546.0 Biker
75 22.0 763.0 554.5 Biker
76 22.0 765.0 567.0 Biker
77 22.0 767.0 580.0 Biker
78 22.0 769.0 592.5 Biker
79 22.0 769.0 592.5 Biker
80 22.0 769.0 592.5 Biker
81 22.0 769.0 592.5 Biker
82 22.0 769.0 592.5 Biker
83 22.0 769.0 592.5 Biker
84 22.0 769.0 592.5 Biker
85 22.0 769.0 592.5 Biker
86 22.0 769.0 592.5 Biker
87 22.0 769.0 592.5 Biker
88 22.0 769.0 592.5 Biker
89 22.0 769.0 592.5 Biker
90 22.0 769.0 592.5 Biker
91 22.0 769.0 592.5 Biker
92 22.0 769.0 592.5 Biker
93 22.0 769.0 592.5 Biker
94 22.0 769.0 592.5 Biker
95 22.0 769.0 592.5 Biker
96 22.0 769.0 592.5 Biker
97 22.0 769.0 592.5 Biker
98 22.0 769.0 592.5 Biker
99 22.0 769.0 592.5 Biker
100 22.0 769.0 592.5 Biker
101 22.0 769.0 592.5 Biker
102 22.0 769.0 592.5 Biker
103 22.0 769.0 592.5 Biker
0 23.0 496.5 1742.5 Biker
1 23.0 463.0 1725.5 Biker
2 23.0 429.5 1709.0 Biker
3 23.0 395.5 1692.0 Biker
4 23.0 368.0 1671.0 Biker
5 23.0 340.0 1650.0 Biker
6 23.0 314.5 1633.5 Biker
7 23.0 286.5 1612.5 Biker
8 23.0 261.0 1596.0 Biker
9 23.0 241.0 1570.5 Biker
10 23.0 223.5 1545.5 Biker
11 23.0 205.5 1524.5 Biker
12 23.0 187.5 1499.5 Biker
13 23.0 170.0 1478.5 Biker
14 23.0 160.0 1449.0 Biker
15 23.0 152.0 1424.0 Biker
16 23.0 142.0 1399.0 Biker
45 23.0 154.0 1361.0 Biker
46 23.0 167.0 1390.5 Biker
47 23.0 179.5 1420.0 Biker
48 23.0 193.5 1449.0 Biker
49 23.0 206.5 1474.0 Biker
50 23.0 219.5 1503.5 Biker
51 23.0 233.0 1533.0 Biker
52 23.0 245.0 1562.0 Biker
53 23.0 259.0 1591.5 Biker
4 24.0 146.0 1340.0 Biker
5 24.0 195.5 1348.5 Biker
6 24.0 245.0 1357.0 Biker
7 24.0 294.5 1365.5 Biker
8 24.0 344.0 1373.5 Biker
9 24.0 395.5 1386.5 Biker
10 24.0 449.0 1394.5 Biker
11 24.0 500.5 1407.5 Biker
12 24.0 552.0 1415.5 Biker
13 24.0 601.5 1415.5 Biker
14 24.0 651.0 1411.5 Biker
15 24.0 702.5 1411.5 Biker
16 24.0 752.0 1407.5 Biker
17 24.0 801.5 1403.0 Biker
18 24.0 851.0 1390.5 Biker
19 24.0 900.5 1378.0 Biker
20 24.0 950.0 1361.0 Biker
21 24.0 1005.5 1361.0 Biker
22 24.0 1061.0 1357.0 Biker
23 24.0 1114.5 1357.0 Biker
24 24.0 1170.0 1357.0 Biker
25 24.0 1225.5 1361.0 Biker
37 24.0 1225.5 1373.5 Biker
38 24.0 1170.0 1373.5 Biker
39 24.0 1114.5 1373.5 Biker
40 24.0 1061.0 1373.5 Biker
41 24.0 1005.5 1373.5 Biker
42 24.0 950.0 1373.5 Biker
43 24.0 895.0 1373.5 Biker
44 24.0 839.0 1373.5 Biker
45 24.0 786.0 1373.5 Biker
46 24.0 730.5 1373.5 Biker
47 24.0 675.0 1373.5 Biker
48 24.0 619.5 1373.5 Biker
49 24.0 564.0 1373.5 Biker
50 24.0 510.5 1373.5 Biker
51 24.0 455.0 1373.5 Biker
52 24.0 399.5 1373.5 Biker
53 24.0 344.0 1373.5 Biker
45 25.0 1259.0 1093.0 Pedestrian
46 25.0 1239.5 1092.5 Pedestrian
47 25.0 1220.5 1095.0 Pedestrian
48 25.0 1199.0 1095.0 Pedestrian
49 25.0 1181.0 1088.5 Pedestrian
50 25.0 1190.0 1086.5 Pedestrian
51 25.0 1184.0 1082.5 Pedestrian
52 25.0 1180.0 1078.5 Pedestrian
53 25.0 1176.0 1078.5 Pedestrian
0 26.0 582.0 737.0 Biker
1 26.0 597.5 783.0 Biker
2 26.0 615.5 833.5 Biker
3 26.0 633.0 883.5 Biker
4 26.0 651.0 933.5 Biker
5 26.0 675.0 980.0 Biker
6 26.0 700.5 1026.0 Biker
7 26.0 726.5 1076.5 Biker
8 26.0 770.0 1114.0 Biker
9 26.0 813.5 1156.0 Biker
10 26.0 859.0 1197.5 Biker
11 26.0 904.5 1223.0 Biker
12 26.0 950.0 1252.0 Biker
13 26.0 996.0 1281.5 Biker
14 26.0 1051.0 1298.5 Biker
15 26.0 1106.5 1315.0 Biker
16 26.0 1164.0 1331.5 Biker
17 26.0 1219.5 1344.5 Biker
29 26.0 1255.0 1306.5 Biker
30 26.0 1233.5 1298.5 Biker
31 26.0 1211.5 1290.0 Biker
32 26.0 1189.0 1277.5 Biker
33 26.0 1167.0 1269.0 Biker
34 26.0 1145.0 1260.5 Biker
35 26.0 1123.5 1248.0 Biker
36 26.0 1101.0 1239.5 Biker
37 26.0 1079.0 1231.5 Biker
38 26.0 1057.0 1218.5 Biker
39 26.0 1035.5 1210.5 Biker
40 26.0 1013.5 1202.0 Biker
41 26.0 991.0 1193.5 Biker
42 26.0 969.0 1181.0 Biker
43 26.0 947.0 1172.5 Biker
44 26.0 925.5 1164.0 Biker
45 26.0 902.5 1151.5 Biker
46 26.0 881.0 1143.5 Biker
47 26.0 859.0 1135.0 Biker
48 26.0 837.0 1122.5 Biker
49 26.0 815.5 1114.0 Biker
50 26.0 793.0 1105.5 Biker
51 26.0 772.0 1093.0 Biker
52 26.0 750.0 1084.5 Biker
53 26.0 728.5 1076.5 Biker
22 27.0 1251.0 1179.0 Pedestrian
23 27.0 1209.5 1179.0 Pedestrian
24 27.0 1166.0 1179.0 Pedestrian
25 27.0 1126.5 1174.5 Pedestrian
26 27.0 1087.0 1162.0 Pedestrian
27 27.0 1047.0 1153.5 Pedestrian
28 27.0 1009.5 1145.5 Pedestrian
29 27.0 970.0 1133.0 Pedestrian
30 27.0 930.5 1124.5 Pedestrian
31 27.0 896.5 1107.5 Pedestrian
32 27.0 871.0 1086.5 Pedestrian
33 27.0 845.0 1061.5 Pedestrian
34 27.0 819.5 1036.5 Pedestrian
35 27.0 794.0 1015.5 Pedestrian
36 27.0 768.0 990.5 Pedestrian
37 27.0 742.0 954.5 Pedestrian
38 27.0 715.5 902.5 Pedestrian
39 27.0 690.0 852.0 Pedestrian
40 27.0 680.0 812.5 Pedestrian
41 27.0 674.0 774.5 Pedestrian
42 27.0 658.0 720.5 Pedestrian
43 27.0 664.0 682.5 Pedestrian
44 27.0 666.0 644.5 Pedestrian
45 27.0 674.0 600.5 Pedestrian
46 27.0 676.0 558.5 Pedestrian
47 27.0 668.0 481.5 Pedestrian
48 27.0 680.0 460.5 Pedestrian
49 27.0 682.0 420.5 Pedestrian
50 27.0 695.5 485.5 Pedestrian
51 27.0 682.0 355.5 Pedestrian
52 27.0 682.0 299.0 Pedestrian
53 27.0 685.0 250.5 Pedestrian
0 28.0 1029.5 1420.0 Biker
1 28.0 1033.5 1395.0 Biker
2 28.0 1037.5 1369.5 Biker
3 28.0 1035.5 1336.0 Biker
4 28.0 1035.5 1307.0 Biker
5 28.0 1033.5 1273.0 Biker
6 28.0 1033.5 1244.0 Biker
7 28.0 1035.5 1202.0 Biker
8 28.0 1039.5 1164.0 Biker
9 28.0 1041.5 1126.5 Biker
10 28.0 1043.0 1126.5 Biker
11 28.0 1043.0 1126.5 Biker
12 28.0 1043.0 1126.5 Biker
13 28.0 1045.0 1097.0 Biker
14 28.0 1047.0 1072.0 Biker
15 28.0 1047.0 1072.0 Biker
16 28.0 1045.0 1072.0 Biker
17 28.0 1045.0 1072.0 Biker
18 28.0 1045.0 1076.0 Biker
19 28.0 1045.0 1076.0 Biker
20 28.0 1045.0 1080.0 Biker
21 28.0 1045.0 1080.0 Biker
22 28.0 1045.0 1085.0 Biker
23 28.0 1043.0 1085.0 Biker
24 28.0 1043.0 1089.0 Biker
25 28.0 1043.0 1089.0 Biker
26 28.0 1043.0 1093.0 Biker
27 28.0 1043.0 1093.0 Biker
28 28.0 1043.0 1097.0 Biker
29 28.0 1043.0 1097.0 Biker
30 28.0 1043.0 1101.0 Biker
31 28.0 1041.5 1101.0 Biker
32 28.0 1041.5 1105.5 Biker
33 28.0 1041.5 1105.5 Biker
34 28.0 1041.5 1105.5 Biker
35 28.0 1041.5 1110.0 Biker
36 28.0 1041.5 1110.0 Biker
37 28.0 1041.5 1114.0 Biker
38 28.0 1039.5 1114.0 Biker
39 28.0 1039.5 1118.0 Biker
40 28.0 1039.5 1118.0 Biker
41 28.0 1039.5 1122.0 Biker
42 28.0 1039.5 1122.0 Biker
43 28.0 1039.5 1126.5 Biker
44 28.0 1039.5 1126.5 Biker
45 28.0 1039.5 1131.0 Biker
46 28.0 1037.5 1131.0 Biker
47 28.0 1037.5 1135.0 Biker
48 28.0 1037.5 1135.0 Biker
49 28.0 1037.5 1139.0 Biker
50 28.0 1037.5 1139.0 Biker
51 28.0 1037.5 1143.0 Biker
52 28.0 1037.5 1143.0 Biker
53 28.0 1037.5 1143.0 Biker
28 29.0 1271.0 1277.5 Biker
29 29.0 1233.5 1298.5 Biker
30 29.0 1196.0 1315.5 Biker
31 29.0 1158.0 1331.5 Biker
32 29.0 1120.5 1348.5 Biker
33 29.0 1085.0 1365.5 Biker
34 29.0 1049.0 1386.5 Biker
35 29.0 1023.5 1415.5 Biker
36 29.0 997.5 1444.5 Biker
37 29.0 972.0 1474.5 Biker
38 29.0 946.0 1503.5 Biker
39 29.0 916.5 1524.5 Biker
40 29.0 887.0 1549.5 Biker
41 29.0 857.0 1574.5 Biker
42 29.0 829.5 1599.5 Biker
43 29.0 801.5 1629.5 Biker
44 29.0 778.0 1658.5 Biker
45 29.0 752.0 1687.5 Biker
46 29.0 728.5 1717.5 Biker
47 29.0 702.5 1746.5 Biker
0 30.0 242.0 230.0 Pedestrian
1 30.0 222.0 223.5 Pedestrian
2 30.0 200.5 232.0 Pedestrian
3 30.0 188.5 249.0 Pedestrian
4 30.0 188.5 249.0 Pedestrian
5 30.0 188.5 249.0 Pedestrian
6 30.0 188.5 249.0 Pedestrian
7 30.0 188.5 249.0 Pedestrian
8 30.0 188.5 249.0 Pedestrian
9 30.0 188.5 249.0 Pedestrian
10 30.0 188.5 249.0 Pedestrian
11 30.0 188.5 249.0 Pedestrian
12 30.0 188.5 249.0 Pedestrian
13 30.0 188.5 249.0 Pedestrian
14 30.0 188.5 249.0 Pedestrian
15 30.0 188.5 249.0 Pedestrian
16 30.0 188.5 249.0 Pedestrian
17 30.0 188.5 249.0 Pedestrian
18 30.0 188.5 249.0 Pedestrian
19 30.0 188.5 249.0 Pedestrian
20 30.0 188.5 249.0 Pedestrian
21 30.0 188.5 249.0 Pedestrian
22 30.0 188.5 249.0 Pedestrian
23 30.0 188.5 249.0 Pedestrian
24 30.0 188.5 249.0 Pedestrian
25 30.0 188.5 249.0 Pedestrian
26 30.0 188.5 249.0 Pedestrian
27 30.0 188.5 249.0 Pedestrian
28 30.0 188.5 249.0 Pedestrian
29 30.0 188.5 249.0 Pedestrian
30 30.0 188.5 249.0 Pedestrian
31 30.0 188.5 249.0 Pedestrian
32 30.0 188.5 249.0 Pedestrian
33 30.0 188.5 249.0 Pedestrian
34 30.0 188.5 249.0 Pedestrian
35 30.0 188.5 249.0 Pedestrian
36 30.0 188.5 249.0 Pedestrian
37 30.0 188.5 249.0 Pedestrian
38 30.0 188.5 249.0 Pedestrian
39 30.0 188.5 249.0 Pedestrian
40 30.0 188.5 249.0 Pedestrian
41 30.0 188.5 249.0 Pedestrian
42 30.0 188.5 249.0 Pedestrian
43 30.0 188.5 249.0 Pedestrian
44 30.0 188.5 249.0 Pedestrian
45 30.0 188.5 249.0 Pedestrian
46 30.0 188.5 249.0 Pedestrian
47 30.0 188.5 249.0 Pedestrian
48 30.0 188.5 249.0 Pedestrian
49 30.0 188.5 249.0 Pedestrian
50 30.0 188.5 249.0 Pedestrian
51 30.0 188.5 249.0 Pedestrian
52 30.0 188.5 249.0 Pedestrian
53 30.0 188.5 249.0 Pedestrian
0 31.0 735.5 403.5 Pedestrian
1 31.0 735.5 403.5 Pedestrian
2 31.0 735.5 403.5 Pedestrian
3 31.0 735.5 403.5 Pedestrian
4 31.0 735.5 403.5 Pedestrian
5 31.0 735.5 403.5 Pedestrian
6 31.0 735.5 403.5 Pedestrian
7 31.0 735.5 403.5 Pedestrian
8 31.0 735.5 403.5 Pedestrian
9 31.0 735.5 403.5 Pedestrian
10 31.0 735.5 403.5 Pedestrian
11 31.0 735.5 403.5 Pedestrian
12 31.0 735.5 403.5 Pedestrian
13 31.0 735.5 403.5 Pedestrian
14 31.0 735.5 403.5 Pedestrian
15 31.0 735.5 403.5 Pedestrian
16 31.0 735.5 403.5 Pedestrian
17 31.0 735.5 403.5 Pedestrian
18 31.0 735.5 403.5 Pedestrian
19 31.0 735.5 403.5 Pedestrian
20 31.0 735.5 403.5 Pedestrian
21 31.0 735.5 403.5 Pedestrian
22 31.0 735.5 403.5 Pedestrian
23 31.0 735.5 403.5 Pedestrian
24 31.0 735.5 403.5 Pedestrian
25 31.0 735.5 403.5 Pedestrian
26 31.0 735.5 403.5 Pedestrian
27 31.0 735.5 403.5 Pedestrian
28 31.0 735.5 403.5 Pedestrian
29 31.0 735.5 403.5 Pedestrian
30 31.0 735.5 403.5 Pedestrian
31 31.0 735.5 403.5 Pedestrian
32 31.0 735.5 403.5 Pedestrian
33 31.0 735.5 403.5 Pedestrian
34 31.0 735.5 403.5 Pedestrian
35 31.0 735.5 403.5 Pedestrian
36 31.0 735.5 403.5 Pedestrian
37 31.0 735.5 403.5 Pedestrian
38 31.0 735.5 403.5 Pedestrian
39 31.0 737.5 361.5 Pedestrian
40 31.0 739.5 320.0 Pedestrian
41 31.0 741.0 278.5 Pedestrian
42 31.0 743.0 236.5 Pedestrian
90 33.0 165.0 1294.0 Bus
91 33.0 206.5 1315.0 Bus
92 33.0 248.0 1336.0 Bus
93 33.0 289.5 1357.0 Bus
94 33.0 331.5 1378.0 Bus
95 33.0 372.5 1399.0 Bus
96 33.0 414.5 1407.0 Bus
97 33.0 456.0 1415.5 Bus
98 33.0 497.5 1422.0 Bus
99 33.0 539.5 1430.0 Bus
100 33.0 582.5 1441.0 Bus
101 33.0 618.5 1434.0 Bus
102 33.0 655.0 1430.0 Bus
103 33.0 690.5 1424.0 Bus
104 33.0 728.5 1419.5 Bus
105 33.0 758.0 1407.5 Bus
106 33.0 787.5 1398.5 Bus
107 33.0 817.5 1390.5 Bus
108 33.0 847.0 1382.5 Bus
109 33.0 883.0 1377.5 Bus
110 33.0 920.5 1373.5 Bus
111 33.0 958.0 1369.5 Bus
112 33.0 993.5 1365.5 Bus
113 33.0 1031.5 1361.5 Bus
114 33.0 1069.0 1359.0 Bus
115 33.0 1118.5 1354.5 Bus
116 33.0 1168.0 1354.5 Bus
117 33.0 1217.5 1354.5 Bus
118 33.0 1267.0 1354.5 Bus
50 34.0 678.0 776.5 Pedestrian
51 34.0 678.0 776.5 Pedestrian
52 34.0 678.0 776.5 Pedestrian
53 34.0 678.0 776.5 Pedestrian
54 34.0 678.0 776.5 Pedestrian
55 34.0 678.0 776.5 Pedestrian
56 34.0 678.0 781.0 Pedestrian
57 34.0 678.0 781.0 Pedestrian
58 34.0 678.0 781.0 Pedestrian
59 34.0 678.0 781.0 Pedestrian
60 34.0 678.0 781.0 Pedestrian
61 34.0 678.0 781.0 Pedestrian
62 34.0 678.0 785.0 Pedestrian
63 34.0 678.0 785.0 Pedestrian
64 34.0 678.0 785.0 Pedestrian
65 34.0 678.0 785.0 Pedestrian
66 34.0 678.0 785.0 Pedestrian
67 34.0 678.0 785.0 Pedestrian
68 34.0 678.0 789.0 Pedestrian
69 34.0 678.0 789.0 Pedestrian
70 34.0 678.0 789.0 Pedestrian
71 34.0 678.0 789.0 Pedestrian
72 34.0 678.0 789.0 Pedestrian
73 34.0 678.0 789.0 Pedestrian
74 34.0 678.0 793.5 Pedestrian
75 34.0 678.0 793.5 Pedestrian
76 34.0 678.0 793.5 Pedestrian
77 34.0 678.0 793.5 Pedestrian
78 34.0 678.0 793.5 Pedestrian
79 34.0 678.0 793.5 Pedestrian
80 34.0 671.0 797.5 Pedestrian
81 34.0 657.0 797.5 Pedestrian
82 34.0 643.0 802.0 Pedestrian
83 34.0 631.5 802.0 Pedestrian
84 34.0 617.5 806.0 Pedestrian
85 34.0 603.5 806.0 Pedestrian
86 34.0 585.5 806.0 Pedestrian
87 34.0 564.0 804.0 Pedestrian
88 34.0 542.0 802.0 Pedestrian
89 34.0 520.5 799.5 Pedestrian
90 34.0 502.5 795.5 Pedestrian
91 34.0 487.5 791.5 Pedestrian
92 34.0 472.0 783.0 Pedestrian
93 34.0 457.0 778.5 Pedestrian
94 34.0 441.0 770.5 Pedestrian
95 34.0 423.5 758.0 Pedestrian
96 34.0 403.5 745.5 Pedestrian
97 34.0 383.5 737.0 Pedestrian
98 34.0 362.0 728.5 Pedestrian
99 34.0 339.5 720.0 Pedestrian
100 34.0 323.5 707.5 Pedestrian
101 34.0 304.5 695.0 Pedestrian
102 34.0 287.5 686.5 Pedestrian
103 34.0 269.5 676.0 Pedestrian
104 34.0 253.0 667.5 Pedestrian
105 34.0 239.5 659.5 Pedestrian
106 34.0 225.5 651.0 Pedestrian
107 34.0 213.5 642.5 Pedestrian
108 34.0 203.5 638.5 Pedestrian
109 34.0 193.5 634.5 Pedestrian
110 34.0 183.5 630.0 Pedestrian
111 34.0 175.5 625.5 Pedestrian
112 34.0 175.5 625.5 Pedestrian
113 34.0 175.5 625.5 Pedestrian
114 34.0 175.5 625.5 Pedestrian
115 34.0 175.5 625.5 Pedestrian
116 34.0 175.5 625.5 Pedestrian
117 34.0 175.5 625.5 Pedestrian
118 34.0 175.5 625.5 Pedestrian
119 34.0 175.5 625.5 Pedestrian
120 34.0 175.5 625.5 Pedestrian
121 34.0 175.5 625.5 Pedestrian
122 34.0 175.5 625.5 Pedestrian
123 34.0 175.5 625.5 Pedestrian
124 34.0 175.5 625.5 Pedestrian
125 34.0 175.5 625.5 Pedestrian
126 34.0 175.5 625.5 Pedestrian
127 34.0 175.5 625.5 Pedestrian
128 34.0 175.5 625.5 Pedestrian
129 34.0 175.5 625.5 Pedestrian
130 34.0 175.5 625.5 Pedestrian
131 34.0 175.5 625.5 Pedestrian
132 34.0 175.5 625.5 Pedestrian
133 34.0 175.5 625.5 Pedestrian
134 34.0 175.5 625.5 Pedestrian
135 34.0 175.5 625.5 Pedestrian
136 34.0 175.5 625.5 Pedestrian
137 34.0 175.5 625.5 Pedestrian
138 34.0 175.5 625.5 Pedestrian
139 34.0 175.5 625.5 Pedestrian
140 34.0 175.5 625.5 Pedestrian
141 34.0 175.5 625.5 Pedestrian
142 34.0 175.5 625.5 Pedestrian
143 34.0 175.5 625.5 Pedestrian
144 34.0 175.5 625.5 Pedestrian
145 34.0 175.5 625.5 Pedestrian
146 34.0 175.5 625.5 Pedestrian
147 34.0 175.5 625.5 Pedestrian
148 34.0 175.5 625.5 Pedestrian
149 34.0 175.5 625.5 Pedestrian
150 34.0 175.5 625.5 Pedestrian
151 34.0 175.5 625.5 Pedestrian
152 34.0 175.5 625.5 Pedestrian
153 34.0 175.5 625.5 Pedestrian
0 35.0 541.0 1742.5 Pedestrian
1 35.0 541.0 1742.5 Pedestrian
2 35.0 541.0 1742.5 Pedestrian
3 35.0 541.0 1742.5 Pedestrian
4 35.0 541.0 1742.5 Pedestrian
5 35.0 541.0 1742.5 Pedestrian
6 35.0 541.0 1742.5 Pedestrian
7 35.0 541.0 1742.5 Pedestrian
8 35.0 541.0 1742.5 Pedestrian
9 35.0 541.0 1742.5 Pedestrian
10 35.0 541.0 1742.5 Pedestrian
11 35.0 541.0 1742.5 Pedestrian
12 35.0 541.0 1742.5 Pedestrian
13 35.0 541.0 1742.5 Pedestrian
14 35.0 541.0 1742.5 Pedestrian
15 35.0 541.0 1742.5 Pedestrian
16 35.0 541.0 1742.5 Pedestrian
17 35.0 541.0 1742.5 Pedestrian
18 35.0 541.0 1742.5 Pedestrian
19 35.0 541.0 1742.5 Pedestrian
20 35.0 541.0 1742.5 Pedestrian
21 35.0 541.0 1742.5 Pedestrian
22 35.0 541.0 1742.5 Pedestrian
23 35.0 541.0 1742.5 Pedestrian
24 35.0 541.0 1742.5 Pedestrian
25 35.0 541.0 1742.5 Pedestrian
26 35.0 541.0 1742.5 Pedestrian
27 35.0 541.0 1742.5 Pedestrian
28 35.0 541.0 1742.5 Pedestrian
29 35.0 541.0 1742.5 Pedestrian
30 35.0 541.0 1742.5 Pedestrian
31 35.0 541.0 1742.5 Pedestrian
32 35.0 541.0 1742.5 Pedestrian
33 35.0 541.0 1742.5 Pedestrian
34 35.0 541.0 1730.0 Pedestrian
35 35.0 541.0 1717.5 Pedestrian
36 35.0 541.0 1704.5 Pedestrian
37 35.0 541.0 1696.5 Pedestrian
38 35.0 541.0 1683.5 Pedestrian
39 35.0 541.0 1671.0 Pedestrian
40 35.0 541.0 1654.5 Pedestrian
41 35.0 539.0 1642.0 Pedestrian
42 35.0 539.0 1629.5 Pedestrian
43 35.0 537.0 1608.5 Pedestrian
44 35.0 537.0 1591.5 Pedestrian
45 35.0 537.0 1570.5 Pedestrian
46 35.0 531.5 1554.0 Pedestrian
47 35.0 527.5 1541.5 Pedestrian
48 35.0 521.5 1524.5 Pedestrian
49 35.0 517.5 1512.0 Pedestrian
50 35.0 513.5 1499.5 Pedestrian
51 35.0 506.5 1487.0 Pedestrian
52 35.0 500.5 1474.5 Pedestrian
53 35.0 494.5 1461.5 Pedestrian
54 35.0 488.5 1451.0 Pedestrian
55 35.0 482.0 1438.5 Pedestrian
56 35.0 476.0 1426.0 Pedestrian
57 35.0 470.0 1413.5 Pedestrian
58 35.0 464.0 1405.0 Pedestrian
59 35.0 458.0 1392.5 Pedestrian
60 35.0 452.0 1380.0 Pedestrian
61 35.0 446.0 1367.5 Pedestrian
62 35.0 440.0 1355.0 Pedestrian
63 35.0 434.0 1346.5 Pedestrian
64 35.0 428.5 1334.0 Pedestrian
65 35.0 422.5 1321.5 Pedestrian
66 35.0 416.5 1309.0 Pedestrian
67 35.0 412.5 1300.5 Pedestrian
68 35.0 408.5 1283.5 Pedestrian
69 35.0 406.5 1271.0 Pedestrian
70 35.0 404.5 1258.5 Pedestrian
71 35.0 402.5 1242.0 Pedestrian
72 35.0 400.5 1229.0 Pedestrian
73 35.0 398.5 1216.5 Pedestrian
74 35.0 396.5 1204.0 Pedestrian
75 35.0 392.5 1187.0 Pedestrian
76 35.0 390.5 1170.5 Pedestrian
77 35.0 386.5 1154.0 Pedestrian
78 35.0 384.5 1137.0 Pedestrian
79 35.0 382.5 1124.5 Pedestrian
80 35.0 377.0 1116.0 Pedestrian
81 35.0 371.0 1107.5 Pedestrian
82 35.0 365.0 1099.0 Pedestrian
83 35.0 359.0 1091.0 Pedestrian
84 35.0 353.0 1082.5 Pedestrian
85 35.0 349.0 1074.0 Pedestrian
86 35.0 345.0 1057.5 Pedestrian
87 35.0 343.0 1045.0 Pedestrian
88 35.0 341.0 1032.0 Pedestrian
89 35.0 339.0 1019.5 Pedestrian
90 35.0 337.0 1007.0 Pedestrian
91 35.0 335.0 994.5 Pedestrian
92 35.0 333.0 982.0 Pedestrian
93 35.0 327.5 965.0 Pedestrian
94 35.0 323.5 952.5 Pedestrian
95 35.0 319.5 936.0 Pedestrian
96 35.0 315.5 923.5 Pedestrian
97 35.0 311.5 911.0 Pedestrian
98 35.0 307.5 894.0 Pedestrian
99 35.0 303.5 881.5 Pedestrian
100 35.0 299.5 869.0 Pedestrian
101 35.0 294.5 858.0 Pedestrian
102 35.0 289.5 848.0 Pedestrian
103 35.0 284.5 840.0 Pedestrian
104 35.0 279.5 829.0 Pedestrian
105 35.0 275.0 818.5 Pedestrian
106 35.0 272.0 810.0 Pedestrian
107 35.0 260.0 797.5 Pedestrian
108 35.0 250.0 785.0 Pedestrian
109 35.0 240.0 772.5 Pedestrian
110 35.0 229.5 760.0 Pedestrian
111 35.0 219.5 747.5 Pedestrian
112 35.0 209.5 739.0 Pedestrian
113 35.0 203.5 726.5 Pedestrian
114 35.0 197.5 718.0 Pedestrian
115 35.0 191.5 709.5 Pedestrian
116 35.0 185.5 697.0 Pedestrian
117 35.0 179.5 689.0 Pedestrian
118 35.0 175.5 680.0 Pedestrian
119 35.0 172.0 672.0 Pedestrian
120 35.0 170.0 663.5 Pedestrian
121 35.0 168.0 655.0 Pedestrian
122 35.0 166.0 651.0 Pedestrian
123 35.0 164.0 651.0 Pedestrian
124 35.0 152.0 647.0 Pedestrian
125 35.0 152.0 647.0 Pedestrian
126 35.0 152.0 647.0 Pedestrian
127 35.0 152.0 647.0 Pedestrian
128 35.0 152.0 647.0 Pedestrian
129 35.0 152.0 647.0 Pedestrian
130 35.0 152.0 647.0 Pedestrian
131 35.0 152.0 647.0 Pedestrian
132 35.0 152.0 647.0 Pedestrian
133 35.0 152.0 647.0 Pedestrian
134 35.0 152.0 647.0 Pedestrian
135 35.0 152.0 647.0 Pedestrian
136 35.0 152.0 647.0 Pedestrian
137 35.0 152.0 647.0 Pedestrian
138 35.0 152.0 647.0 Pedestrian
139 35.0 152.0 647.0 Pedestrian
140 35.0 152.0 647.0 Pedestrian
141 35.0 152.0 647.0 Pedestrian
142 35.0 152.0 647.0 Pedestrian
143 35.0 152.0 647.0 Pedestrian
144 35.0 152.0 647.0 Pedestrian
145 35.0 152.0 647.0 Pedestrian
146 35.0 152.0 647.0 Pedestrian
147 35.0 152.0 647.0 Pedestrian
148 35.0 152.0 647.0 Pedestrian
149 35.0 152.0 647.0 Pedestrian
150 35.0 152.0 647.0 Pedestrian
151 35.0 152.0 647.0 Pedestrian
152 35.0 152.0 647.0 Pedestrian
153 35.0 152.0 647.0 Pedestrian
0 36.0 1052.0 1340.0 Biker
1 36.0 1115.5 1327.5 Biker
2 36.0 1181.0 1319.0 Biker
3 36.0 1237.5 1321.5 Biker
56 36.0 1232.5 1248.0 Biker
57 36.0 1169.0 1248.0 Biker
58 36.0 1103.5 1248.0 Biker
59 36.0 1046.5 1244.0 Biker
60 36.0 1004.5 1239.5 Biker
61 36.0 961.0 1231.5 Biker
62 36.0 914.5 1218.5 Biker
63 36.0 868.0 1202.0 Biker
64 36.0 824.5 1181.0 Biker
65 36.0 783.0 1156.0 Biker
66 36.0 747.0 1126.5 Biker
67 36.0 711.5 1097.0 Biker
68 36.0 674.0 1080.5 Biker
69 36.0 636.0 1068.0 Biker
70 36.0 598.5 1059.5 Biker
71 36.0 561.0 1055.5 Biker
72 36.0 521.5 1068.0 Biker
73 36.0 484.0 1084.5 Biker
74 36.0 446.0 1101.5 Biker
75 36.0 408.5 1118.0 Biker
76 36.0 373.0 1135.0 Biker
77 36.0 345.0 1160.0 Biker
78 36.0 325.5 1189.5 Biker
79 36.0 325.5 1231.5 Biker
80 36.0 325.5 1273.0 Biker
81 36.0 333.0 1315.0 Biker
82 36.0 353.0 1344.5 Biker
83 36.0 373.0 1373.5 Biker
84 36.0 396.5 1394.5 Biker
85 36.0 428.5 1407.0 Biker
86 36.0 460.0 1415.5 Biker
87 36.0 489.5 1424.0 Biker
88 36.0 521.5 1428.0 Biker
89 36.0 553.0 1436.5 Biker
90 36.0 586.5 1436.5 Biker
91 36.0 624.5 1432.5 Biker
92 36.0 662.0 1428.0 Biker
93 36.0 699.5 1419.5 Biker
94 36.0 731.5 1399.0 Biker
95 36.0 765.0 1378.0 Biker
96 36.0 796.5 1361.0 Biker
97 36.0 824.5 1357.0 Biker
98 36.0 852.0 1348.5 Biker
99 36.0 880.0 1348.5 Biker
100 36.0 909.5 1348.5 Biker
101 36.0 933.5 1354.5 Biker
102 36.0 957.0 1363.5 Biker
103 36.0 981.5 1371.5 Biker
104 36.0 993.5 1392.5 Biker
105 36.0 1005.5 1413.5 Biker
106 36.0 1019.5 1434.5 Biker
107 36.0 1009.5 1459.5 Biker
108 36.0 1001.5 1489.0 Biker
109 36.0 976.0 1514.0 Biker
110 36.0 950.5 1539.5 Biker
111 36.0 920.5 1551.5 Biker
112 36.0 892.5 1564.5 Biker
113 36.0 865.0 1593.5 Biker
114 36.0 839.5 1623.0 Biker
115 36.0 795.5 1648.0 Biker
116 36.0 752.5 1673.5 Biker
117 36.0 732.5 1711.0 Biker
118 36.0 714.5 1748.5 Biker
103 37.0 1240.5 1438.5 Biker
104 37.0 1205.5 1441.0 Biker
105 37.0 1172.0 1441.0 Biker
106 37.0 1138.5 1443.0 Biker
107 37.0 1110.5 1447.0 Biker
108 37.0 1082.5 1451.0 Biker
109 37.0 1055.5 1455.0 Biker
110 37.0 1027.5 1460.0 Biker
111 37.0 1001.5 1468.0 Biker
112 37.0 978.0 1485.0 Biker
113 37.0 954.0 1506.0 Biker
114 37.0 930.5 1522.0 Biker
115 37.0 906.5 1543.0 Biker
116 37.0 880.5 1568.5 Biker
117 37.0 855.0 1594.0 Biker
118 37.0 829.5 1619.0 Biker
119 37.0 805.5 1648.0 Biker
120 37.0 781.5 1665.0 Biker
121 37.0 760.0 1682.0 Biker
122 37.0 742.5 1711.0 Biker
123 37.0 724.5 1744.0 Biker
124 37.0 704.5 1778.0 Biker
100 38.0 674.0 846.0 Biker
101 38.0 674.0 846.0 Biker
102 38.0 674.0 846.0 Biker
103 38.0 674.0 846.0 Biker
104 38.0 672.0 804.0 Biker
105 38.0 670.0 766.0 Biker
106 38.0 669.0 728.5 Biker
107 38.0 668.0 689.0 Biker
108 38.0 667.0 651.0 Biker
109 38.0 665.0 613.0 Biker
110 38.0 665.0 576.0 Biker
111 38.0 665.0 538.0 Biker
112 38.0 667.0 504.0 Biker
113 38.0 669.0 467.0 Biker
114 38.0 671.0 433.0 Biker
115 38.0 673.0 400.0 Biker
116 38.0 675.0 358.0 Biker
117 38.0 677.0 316.0 Biker
118 38.0 681.0 278.0 Biker
119 38.0 683.0 236.0 Biker
120 38.0 686.5 198.5 Biker
45 39.0 735.5 1780.0 Pedestrian
46 39.0 739.5 1767.5 Pedestrian
47 39.0 743.0 1751.0 Pedestrian
48 39.0 747.0 1738.0 Pedestrian
49 39.0 755.0 1730.0 Pedestrian
50 39.0 765.0 1721.5 Pedestrian
51 39.0 772.0 1715.0 Pedestrian
52 39.0 781.0 1711.0 Pedestrian
53 39.0 790.0 1704.5 Pedestrian
54 39.0 798.5 1700.5 Pedestrian
55 39.0 807.5 1692.0 Pedestrian
56 39.0 819.5 1684.0 Pedestrian
57 39.0 829.5 1675.0 Pedestrian
58 39.0 841.0 1667.0 Pedestrian
59 39.0 851.0 1654.0 Pedestrian
60 39.0 862.0 1644.0 Pedestrian
61 39.0 872.0 1631.0 Pedestrian
62 39.0 883.0 1621.0 Pedestrian
63 39.0 892.5 1608.5 Pedestrian
64 39.0 904.5 1596.0 Pedestrian
65 39.0 914.5 1587.5 Pedestrian
66 39.0 924.5 1575.0 Pedestrian
67 39.0 934.5 1566.5 Pedestrian
68 39.0 944.0 1554.0 Pedestrian
69 39.0 954.0 1545.5 Pedestrian
70 39.0 964.0 1533.0 Pedestrian
71 39.0 972.0 1524.5 Pedestrian
72 39.0 982.0 1516.0 Pedestrian
73 39.0 990.0 1503.5 Pedestrian
74 39.0 997.5 1495.0 Pedestrian
75 39.0 1007.5 1487.0 Pedestrian
76 39.0 1015.5 1474.0 Pedestrian
77 39.0 1023.5 1461.5 Pedestrian
78 39.0 1029.5 1449.0 Pedestrian
79 39.0 1037.5 1436.5 Pedestrian
80 39.0 1043.0 1424.0 Pedestrian
81 39.0 1051.0 1411.5 Pedestrian
82 39.0 1057.0 1399.0 Pedestrian
83 39.0 1063.0 1382.0 Pedestrian
84 39.0 1075.0 1373.5 Pedestrian
85 39.0 1086.0 1369.5 Pedestrian
86 39.0 1097.5 1361.0 Pedestrian
87 39.0 1109.5 1353.0 Pedestrian
88 39.0 1121.5 1348.5 Pedestrian
89 39.0 1133.5 1340.0 Pedestrian
90 39.0 1143.5 1336.0 Pedestrian
91 39.0 1153.0 1330.0 Pedestrian
92 39.0 1164.0 1325.5 Pedestrian
93 39.0 1174.0 1319.5 Pedestrian
94 39.0 1186.0 1313.0 Pedestrian
95 39.0 1196.0 1309.0 Pedestrian
96 39.0 1205.5 1300.5 Pedestrian
97 39.0 1215.5 1288.0 Pedestrian
98 39.0 1225.5 1277.5 Pedestrian
99 39.0 1235.5 1264.5 Pedestrian
100 39.0 1245.5 1256.5 Pedestrian
101 39.0 1252.0 1244.0 Pedestrian
102 39.0 1260.0 1233.5 Pedestrian
103 39.0 1269.0 1225.0 Pedestrian
104 40.0 430.0 1782.0 Pedestrian
105 40.0 424.5 1770.0 Pedestrian
106 40.0 420.5 1761.0 Pedestrian
107 40.0 415.5 1753.0 Pedestrian
108 40.0 410.5 1740.0 Pedestrian
109 40.0 405.5 1732.0 Pedestrian
110 40.0 401.5 1724.0 Pedestrian
111 40.0 397.5 1715.0 Pedestrian
112 40.0 389.5 1707.0 Pedestrian
113 40.0 382.0 1703.0 Pedestrian
114 40.0 376.0 1694.0 Pedestrian
115 40.0 368.0 1690.0 Pedestrian
116 40.0 362.0 1682.0 Pedestrian
117 40.0 354.0 1677.0 Pedestrian
118 40.0 348.0 1673.0 Pedestrian
119 40.0 338.0 1665.0 Pedestrian
120 40.0 330.0 1661.0 Pedestrian
121 40.0 322.5 1656.0 Pedestrian
122 40.0 314.5 1652.0 Pedestrian
123 40.0 306.5 1648.0 Pedestrian
124 40.0 298.5 1644.0 Pedestrian
125 40.0 290.5 1640.0 Pedestrian
126 40.0 283.0 1636.0 Pedestrian
127 40.0 275.0 1627.0 Pedestrian
128 40.0 269.0 1619.0 Pedestrian
129 40.0 261.0 1610.0 Pedestrian
130 40.0 255.0 1602.0 Pedestrian
131 40.0 247.0 1594.0 Pedestrian
132 40.0 241.0 1585.0 Pedestrian
133 40.0 235.0 1581.0 Pedestrian
134 40.0 225.0 1577.0 Pedestrian
135 40.0 215.5 1573.0 Pedestrian
136 40.0 207.5 1568.5 Pedestrian
137 40.0 197.5 1564.0 Pedestrian
138 40.0 189.5 1560.0 Pedestrian
139 40.0 180.0 1556.0 Pedestrian
140 40.0 172.0 1552.0 Pedestrian
141 40.0 162.0 1543.0 Pedestrian
142 40.0 152.0 1535.0 Pedestrian
143 40.0 142.0 1527.0 Pedestrian
100 41.0 1203.0 1110.0 Pedestrian
101 41.0 1203.0 1110.0 Pedestrian
102 41.0 1203.0 1110.0 Pedestrian
103 41.0 1203.0 1110.0 Pedestrian
104 41.0 1203.0 1110.0 Pedestrian
105 41.0 1203.0 1110.0 Pedestrian
106 41.0 1203.0 1110.0 Pedestrian
107 41.0 1203.0 1110.0 Pedestrian
108 41.0 1203.0 1110.0 Pedestrian
109 41.0 1203.0 1110.0 Pedestrian
110 41.0 1203.0 1110.0 Pedestrian
111 41.0 1203.0 1110.0 Pedestrian
112 41.0 1203.0 1110.0 Pedestrian
113 41.0 1203.0 1110.0 Pedestrian
114 41.0 1203.0 1110.0 Pedestrian
115 41.0 1203.0 1110.0 Pedestrian
116 41.0 1203.0 1110.0 Pedestrian
117 41.0 1203.0 1110.0 Pedestrian
118 41.0 1203.0 1110.0 Pedestrian
119 41.0 1203.0 1110.0 Pedestrian
120 41.0 1203.0 1110.0 Pedestrian
121 41.0 1203.0 1110.0 Pedestrian
122 41.0 1203.0 1110.0 Pedestrian
123 41.0 1203.0 1110.0 Pedestrian
124 41.0 1203.0 1110.0 Pedestrian
125 41.0 1203.0 1110.0 Pedestrian
126 41.0 1203.0 1110.0 Pedestrian
127 41.0 1203.0 1110.0 Pedestrian
128 41.0 1203.0 1110.0 Pedestrian
129 41.0 1203.0 1110.0 Pedestrian
130 41.0 1203.0 1110.0 Pedestrian
131 41.0 1203.0 1110.0 Pedestrian
132 41.0 1212.5 1110.0 Pedestrian
133 41.0 1224.5 1110.0 Pedestrian
134 41.0 1236.5 1110.0 Pedestrian
135 41.0 1248.0 1110.0 Pedestrian
136 41.0 1260.0 1110.0 Pedestrian
137 41.0 1272.0 1110.0 Pedestrian
128 43.0 1253.5 1176.5 Biker
129 43.0 1211.5 1176.5 Biker
130 43.0 1170.0 1176.5 Biker
131 43.0 1130.5 1181.0 Biker
132 43.0 1086.5 1172.5 Biker
133 43.0 1043.5 1168.5 Biker
134 43.0 1001.5 1164.5 Biker
135 43.0 962.0 1151.5 Biker
136 43.0 924.5 1143.5 Biker
137 43.0 884.5 1130.5 Biker
138 43.0 847.5 1122.5 Biker
139 43.0 807.5 1114.0 Biker
140 43.0 770.0 1101.5 Biker
141 43.0 730.5 1093.0 Biker
142 43.0 692.5 1084.5 Biker
143 43.0 651.5 1072.0 Biker
144 43.0 611.5 1063.5 Biker
145 43.0 571.5 1055.5 Biker
146 43.0 530.5 1067.5 Biker
147 43.0 490.5 1080.5 Biker
148 43.0 449.0 1093.0 Biker
149 43.0 409.5 1105.5 Biker
150 43.0 369.5 1118.0 Biker
151 43.0 340.5 1137.0 Biker
152 43.0 311.5 1155.5 Biker
153 43.0 283.5 1176.5 Biker
154 43.0 254.0 1195.5 Biker
155 43.0 225.5 1214.5 Biker
156 43.0 197.5 1235.5 Biker
157 43.0 182.0 1260.5 Biker
158 43.0 166.0 1285.5 Biker
159 43.0 152.0 1315.0 Biker
170 43.0 147.0 1549.5 Biker
171 43.0 160.0 1562.0 Biker
172 43.0 170.0 1575.0 Biker
173 43.0 181.5 1591.5 Biker
174 43.0 193.5 1608.5 Biker
175 43.0 205.5 1625.0 Biker
176 43.0 217.5 1642.0 Biker
177 43.0 217.5 1642.0 Biker
178 43.0 217.5 1642.0 Biker
179 43.0 217.5 1642.0 Biker
180 43.0 217.5 1642.0 Biker
181 43.0 217.5 1642.0 Biker
182 43.0 217.5 1642.0 Biker
183 43.0 217.5 1642.0 Biker
184 43.0 217.5 1642.0 Biker
185 43.0 217.5 1642.0 Biker
186 43.0 217.5 1642.0 Biker
187 43.0 217.5 1642.0 Biker
188 43.0 217.5 1642.0 Biker
189 43.0 217.5 1642.0 Biker
190 43.0 217.5 1642.0 Biker
191 43.0 217.5 1642.0 Biker
192 43.0 217.5 1642.0 Biker
193 43.0 217.5 1642.0 Biker
194 43.0 217.5 1642.0 Biker
195 43.0 217.5 1642.0 Biker
196 43.0 217.5 1642.0 Biker
197 43.0 217.5 1642.0 Biker
198 43.0 217.5 1642.0 Biker
199 43.0 217.5 1642.0 Biker
200 43.0 217.5 1642.0 Biker
201 43.0 217.5 1642.0 Biker
202 43.0 217.5 1642.0 Biker
203 43.0 217.5 1642.0 Biker
100 44.0 493.5 1734.0 Biker
101 44.0 493.5 1732.0 Biker
102 44.0 495.5 1732.0 Biker
103 44.0 497.5 1732.0 Biker
104 44.0 458.0 1698.5 Biker
105 44.0 418.5 1665.0 Biker
106 44.0 380.5 1635.5 Biker
107 44.0 335.5 1606.0 Biker
108 44.0 291.5 1581.0 Biker
109 44.0 251.0 1539.0 Biker
110 44.0 211.5 1501.5 Biker
111 44.0 193.5 1476.5 Biker
112 44.0 175.5 1451.0 Biker
113 44.0 160.0 1426.0 Biker
114 44.0 158.0 1397.0 Biker
115 44.0 158.0 1371.5 Biker
116 44.0 156.0 1346.5 Biker
117 44.0 156.0 1321.0 Biker
118 44.0 156.0 1258.5 Biker
119 44.0 156.0 1200.0 Biker
120 44.0 162.0 1162.0 Biker
121 44.0 169.5 1128.5 Biker
122 44.0 177.5 1095.0 Biker
123 44.0 197.5 1070.0 Biker
124 44.0 217.5 1045.0 Biker
125 44.0 239.0 1019.5 Biker
126 44.0 259.0 994.5 Biker
127 44.0 280.5 973.5 Biker
128 44.0 292.5 927.5 Biker
129 44.0 304.5 881.5 Biker
130 44.0 318.5 839.5 Biker
131 44.0 326.5 806.0 Biker
132 44.0 346.0 768.0 Biker
133 44.0 366.0 730.5 Biker
134 44.0 387.5 697.0 Biker
135 44.0 399.5 659.5 Biker
136 44.0 411.5 621.5 Biker
137 44.0 423.5 584.0 Biker
138 44.0 435.5 546.0 Biker
139 44.0 443.0 500.0 Biker
140 44.0 453.0 454.0 Biker
141 44.0 461.0 408.0 Biker
142 44.0 471.0 366.0 Biker
143 44.0 463.0 332.5 Biker
144 44.0 457.0 299.0 Biker
145 44.0 451.0 265.5 Biker
146 44.0 443.0 219.5 Biker
0 45.0 610.5 1748.5 Pedestrian
1 45.0 604.5 1740.5 Pedestrian
2 45.0 598.5 1731.5 Pedestrian
3 45.0 592.5 1723.5 Pedestrian
4 45.0 587.0 1711.0 Pedestrian
5 45.0 583.0 1702.5 Pedestrian
6 45.0 577.0 1690.0 Pedestrian
7 45.0 573.0 1681.5 Pedestrian
8 45.0 567.0 1669.0 Pedestrian
9 45.0 563.0 1660.5 Pedestrian
10 45.0 561.0 1648.5 Pedestrian
11 45.0 559.0 1639.5 Pedestrian
12 45.0 559.0 1631.5 Pedestrian
13 45.0 557.0 1623.0 Pedestrian
14 45.0 555.0 1614.5 Pedestrian
15 45.0 555.0 1606.5 Pedestrian
16 45.0 549.0 1593.5 Pedestrian
17 45.0 543.0 1585.5 Pedestrian
18 45.0 537.0 1576.5 Pedestrian
19 45.0 533.0 1568.5 Pedestrian
20 45.0 527.5 1560.5 Pedestrian
21 45.0 521.5 1551.5 Pedestrian
22 45.0 517.5 1543.5 Pedestrian
23 45.0 511.5 1530.5 Pedestrian
24 45.0 507.5 1522.5 Pedestrian
25 45.0 503.5 1514.0 Pedestrian
26 45.0 499.5 1505.5 Pedestrian
27 45.0 495.5 1497.5 Pedestrian
28 45.0 491.5 1488.5 Pedestrian
29 45.0 488.0 1480.5 Pedestrian
30 45.0 484.0 1468.0 Pedestrian
31 45.0 482.0 1459.5 Pedestrian
32 45.0 480.0 1451.5 Pedestrian
33 45.0 476.0 1438.5 Pedestrian
34 45.0 474.0 1430.5 Pedestrian
35 45.0 472.0 1421.5 Pedestrian
36 45.0 466.0 1413.5 Pedestrian
37 45.0 460.0 1405.5 Pedestrian
38 45.0 456.0 1396.5 Pedestrian
39 45.0 450.0 1388.5 Pedestrian
40 45.0 444.0 1380.0 Pedestrian
41 45.0 440.0 1371.5 Pedestrian
42 45.0 436.0 1359.0 Pedestrian
43 45.0 432.0 1350.5 Pedestrian
44 45.0 428.0 1342.5 Pedestrian
45 45.0 424.5 1333.5 Pedestrian
46 45.0 420.5 1321.5 Pedestrian
47 45.0 416.5 1313.0 Pedestrian
48 45.0 412.5 1304.5 Pedestrian
49 45.0 410.5 1296.5 Pedestrian
50 45.0 406.5 1283.5 Pedestrian
51 45.0 407.5 1275.5 Pedestrian
52 45.0 409.5 1269.0 Pedestrian
53 45.0 410.5 1262.5 Pedestrian
54 45.0 412.5 1254.0 Pedestrian
55 45.0 413.5 1248.0 Pedestrian
56 45.0 415.5 1242.0 Pedestrian
57 45.0 417.5 1235.5 Pedestrian
58 45.0 413.5 1223.0 Pedestrian
59 45.0 409.5 1210.5 Pedestrian
60 45.0 407.5 1197.5 Pedestrian
61 45.0 403.5 1185.0 Pedestrian
62 45.0 401.5 1172.5 Pedestrian
63 45.0 397.5 1160.0 Pedestrian
64 45.0 393.5 1147.5 Pedestrian
65 45.0 391.5 1135.0 Pedestrian
66 45.0 387.5 1122.5 Pedestrian
67 45.0 385.5 1109.5 Pedestrian
68 45.0 382.0 1097.0 Pedestrian
69 45.0 380.0 1089.0 Pedestrian
70 45.0 378.0 1080.5 Pedestrian
71 45.0 374.0 1072.0 Pedestrian
72 45.0 372.0 1063.5 Pedestrian
73 45.0 370.0 1055.5 Pedestrian
74 45.0 366.0 1047.0 Pedestrian
75 45.0 364.0 1038.5 Pedestrian
76 45.0 362.0 1030.0 Pedestrian
77 45.0 358.0 1021.5 Pedestrian
78 45.0 356.0 1013.5 Pedestrian
79 45.0 354.0 1005.0 Pedestrian
80 45.0 354.0 992.5 Pedestrian
81 45.0 354.0 984.0 Pedestrian
82 45.0 354.0 975.5 Pedestrian
83 45.0 355.0 963.0 Pedestrian
84 45.0 356.0 954.5 Pedestrian
85 45.0 356.0 946.5 Pedestrian
86 45.0 357.0 934.0 Pedestrian
87 45.0 357.0 925.5 Pedestrian
88 45.0 357.0 917.0 Pedestrian
89 45.0 359.0 908.5 Pedestrian
90 45.0 359.0 900.5 Pedestrian
91 45.0 361.0 892.0 Pedestrian
92 45.0 363.0 883.5 Pedestrian
93 45.0 365.0 875.0 Pedestrian
94 45.0 367.0 866.5 Pedestrian
95 45.0 369.0 858.5 Pedestrian
96 45.0 371.0 850.0 Pedestrian
97 45.0 373.0 841.5 Pedestrian
98 45.0 375.0 833.5 Pedestrian
99 45.0 377.0 825.0 Pedestrian
100 45.0 379.0 812.5 Pedestrian
101 45.0 379.0 801.5 Pedestrian
102 45.0 381.0 793.5 Pedestrian
103 45.0 381.5 785.0 Pedestrian
104 45.0 383.5 776.5 Pedestrian
105 45.0 385.5 768.5 Pedestrian
106 45.0 386.5 760.0 Pedestrian
107 45.0 388.5 751.5 Pedestrian
108 45.0 389.5 743.5 Pedestrian
109 45.0 391.5 734.5 Pedestrian
110 45.0 393.5 726.5 Pedestrian
111 45.0 394.5 718.0 Pedestrian
112 45.0 396.5 709.5 Pedestrian
113 45.0 397.5 701.5 Pedestrian
114 45.0 399.5 693.0 Pedestrian
115 45.0 401.5 684.5 Pedestrian
116 45.0 402.5 676.0 Pedestrian
117 45.0 404.5 667.5 Pedestrian
118 45.0 406.5 659.5 Pedestrian
119 45.0 406.5 646.5 Pedestrian
120 45.0 408.5 638.5 Pedestrian
121 45.0 408.5 625.5 Pedestrian
122 45.0 410.5 617.5 Pedestrian
123 45.0 410.5 609.0 Pedestrian
124 45.0 412.5 596.5 Pedestrian
125 45.0 412.5 588.5 Pedestrian
126 45.0 414.5 575.5 Pedestrian
127 45.0 416.5 567.5 Pedestrian
128 45.0 416.5 558.5 Pedestrian
129 45.0 418.5 546.5 Pedestrian
130 45.0 418.5 537.5 Pedestrian
131 45.0 420.5 525.5 Pedestrian
132 45.0 420.5 517.0 Pedestrian
133 45.0 422.5 508.5 Pedestrian
134 45.0 422.5 496.0 Pedestrian
135 45.0 424.5 487.5 Pedestrian
136 45.0 426.5 479.5 Pedestrian
137 45.0 426.5 466.5 Pedestrian
138 45.0 426.5 458.5 Pedestrian
139 45.0 426.5 450.0 Pedestrian
140 45.0 428.5 437.5 Pedestrian
141 45.0 428.5 429.0 Pedestrian
142 45.0 428.5 420.5 Pedestrian
143 45.0 430.5 412.5 Pedestrian
144 45.0 430.5 399.5 Pedestrian
145 45.0 430.5 391.5 Pedestrian
146 45.0 430.5 382.5 Pedestrian
147 45.0 432.5 370.5 Pedestrian
148 45.0 432.5 362.0 Pedestrian
149 45.0 432.5 353.5 Pedestrian
150 45.0 434.5 345.5 Pedestrian
151 45.0 433.5 334.5 Pedestrian
152 45.0 433.5 326.5 Pedestrian
153 45.0 433.5 316.0 Pedestrian
154 45.0 433.5 307.5 Pedestrian
155 45.0 433.5 297.0 Pedestrian
156 45.0 432.5 288.5 Pedestrian
157 45.0 433.5 278.0 Pedestrian
158 45.0 433.5 270.0 Pedestrian
159 45.0 433.5 259.0 Pedestrian
160 45.0 433.5 253.0 Pedestrian
161 45.0 432.5 244.5 Pedestrian
162 45.0 432.5 234.0 Pedestrian
163 45.0 432.5 225.5 Pedestrian
164 45.0 433.0 215.5 Pedestrian
165 45.0 433.0 206.5 Pedestrian
